beta_ridge: [ -3.39997051  -3.68830951   6.36847028   6.29181139  -2.21167815
   6.6998527   -1.23990493   0.56088336  -0.75687649   0.10298069
   1.66485136  -4.4865808   -2.50518278   1.21672376  -8.41474871
   1.59465946   1.08819755  -4.00734738  -2.89780255   4.13737074
 -11.90369616  -3.66135371   2.65641814   3.78372789  -1.19874667
  -1.62023061   7.28336402  -4.53259618  -9.60208124   0.10979511
   5.97060307   6.67804762   0.6339643   -1.12799322   7.16093125
  11.31902215 -10.45854411  -0.41903334   5.02603827   6.84032319
   4.60770497  -2.84666926  -3.72034466  -2.30126273  16.79836846
  -4.75698074   4.52804058   6.83459437   4.16693437  -0.59956074
  -5.65247107 -10.44300095  -2.8297407  -18.11776124 -10.05591543
  -1.80605805   8.14153959   9.10690583   2.94570122  -6.06514099
 -12.09787557 -10.75815268  -0.75297257  29.94283655   4.91104149
  -6.07318254 -10.57917003   2.48202822   6.88413804   4.07801769
  -2.02910679  -5.55196288  -1.91223887   4.91957853  -0.22389601
  -0.20031026  -3.26029262   2.89407492  -4.08875756   6.84003155
   8.15260239   1.44626101  -8.70188766 -14.61758388  -8.08351745
  11.4624827   23.10276109  -9.43998296 -10.56295683   4.19534605
   0.54156955]
beta_min: [-12.65820433 -14.806727    -8.77866584  -6.85474578 -17.5146305
  -8.50834261 -15.87561243 -15.17724363 -16.46061777 -15.03849966
 -13.53207297 -20.9739041  -18.52803479 -14.39163945 -23.76721005
 -13.80837039 -15.7657781  -20.56545272 -18.96451563 -11.46536009
 -27.08385281 -19.13037493 -14.27326301 -13.11434114 -17.69709097
 -17.68809775  -8.13280121 -19.25453748 -25.0051111  -16.81988603
 -10.93357906 -10.11159134 -15.81445999 -16.8861458   -7.78274298
  -2.80069466 -25.65546844 -17.273009   -11.87203075  -9.94931577
 -12.12804202 -19.05815    -19.02320379 -16.59951896   3.48124127
 -19.39268825 -11.95928273  -9.72351097 -12.33140993 -17.04798503
 -21.86395181 -25.89517554 -17.0386717  -30.65435056 -19.55395933
 -14.95261522  -7.5965874   -6.91594618 -13.12101187 -22.13300813
 -27.85602816 -26.06101181 -14.96190357  17.8768197   -3.19438824
  -9.69537272 -21.69758752 -12.82092413  -8.81960324 -11.53034552
 -17.63183763 -20.96812812 -16.8559131   -9.37867769 -12.76048532
  -8.30573999  -6.31532143   2.22779616 -13.34699138  -8.30710457
  -7.05559292 -13.69521936 -24.054349   -29.79774052 -22.80545873
  -2.65723412   9.78563391 -18.93802686 -14.18514701   3.52906729
   0.48751142]
beta_max: [ 5.85826331  7.43010797 21.5156064  19.43836856 13.09127419 21.90804801
 13.39580258 16.29901035 14.94686479 15.24446104 16.86177569 12.00074251
 13.51766923 16.82508698  6.93771263 16.99768932 17.9421732  12.55075795
 13.16891054 19.74010158  3.27646049 11.80766751 19.58609928 20.68179691
 15.29959764 14.44763653 22.69952925 10.18934511  5.80094861 17.03947625
 22.8747852  23.46768657 17.08238859 14.63015937 22.10460547 25.43873895
  4.73838023 16.43494231 21.9241073  23.62996214 21.34345197 13.36481149
 11.58251446 11.99699349 30.11549564  9.87872677 21.01536388 23.3926997
 20.66527868 15.84886355 10.55900967  5.00917364 11.37919031 -5.58117192
 -0.55787152 11.34049912 23.87966658 25.12975784 19.01241431 10.00272615
  3.66027702  4.54470645 13.45595843 42.00885341 13.01647121 -2.45099236
  0.53924745 17.78498057 22.58787932 19.6863809  13.57362404  9.86420235
 13.03143535 19.21783475 12.31269331  7.90511946 -0.20526381  3.56035368
  5.16947626 21.98716766 23.3607977  16.58774137  6.65057368  0.56257275
  6.63842384 25.58219953 36.41988828  0.05806093 -6.94076665  4.86162481
  0.59562767]
