beta_ridge: [ -6.38808226  -2.78506947   4.78699938   7.62368833  -2.43521904
   8.51990479  -0.94187735   1.95719703  -1.67200618   5.38728026
   1.05546567  -4.69810411  -1.52823334  -0.39419407  -2.28962601
   3.06028379  -0.88108077  -5.24439958  -2.75184794   1.65302581
 -10.06824768   1.10062343   1.38193072   0.44811576  -3.05810934
  -2.08114728   4.54963614 -11.97772627  -3.6242114   -0.40029586
   2.68513683   3.80203759   0.23756451  -0.75960672   7.31640129
  -3.42605564  -7.70227087  -3.0089443    1.2749698    5.10682222
   6.34187564   1.53475966  -1.06175162   6.58546984  12.2496959
  -7.49216731  -1.99454807   1.41572777   3.58688846   4.95871768
   3.88631926  -2.59809583  -4.4085985   -2.93939687  16.52918438
  -3.06277929   3.51928655   5.89116901   4.6769091    1.48221201
  -1.89832708  -5.31649605  -9.75113588  -3.16438598 -17.56499204
 -10.45941756  -3.21729486   5.29205066   8.31938449   5.89272081
  -0.44158619  -7.40796599 -10.91927299  -8.57866765   0.13616061
  29.36017204   4.88398263  -5.93459286  -9.42755528   0.37082077
   5.27191171   5.10276011   1.10649977  -3.64681345  -4.84560586
   0.04140315   5.65127779  -1.70397065  -0.34261865  -3.05535402
   2.87368098  -5.38120573   4.31594846   8.16440409   5.78105669
  -1.56599384 -10.17030952 -13.80811372  -6.02884072  12.52904871
  21.93044452 -10.31881166  -9.77583441   4.03899087   0.547341  ]
beta_min: [-16.16505669 -14.40826822 -10.46840348  -5.93912897 -17.83097707
  -6.9873435  -15.89662415 -13.91334875 -17.60470562  -9.98021415
 -14.43433308 -21.31980968 -17.75323749 -16.26476233 -17.84102871
 -12.64085936 -17.8386307  -21.99867117 -19.01601354 -14.19849402
 -25.60289027 -14.70094083 -15.68093598 -16.62737762 -19.75492928
 -18.38926297 -11.21740533 -27.1800562  -19.42577566 -17.49641781
 -14.44445069 -13.20575584 -16.46574808 -16.92824796  -8.17380672
 -18.27133342 -23.40341402 -20.071811   -15.85461772 -11.89914072
 -10.61855184 -15.03225133 -16.86813598  -8.46514556  -1.9353082
 -22.98196606 -18.952098   -15.6597656  -13.42090497 -12.0017098
 -12.92595788 -18.85554268 -19.819632   -17.30138706   3.17952407
 -18.01752609 -13.10241902 -10.86310258 -12.01991083 -15.22110059
 -18.46533807 -21.5739429  -25.30123721 -17.44525913 -30.17167138
 -19.98736408 -16.78011216 -10.57849511  -7.90561966 -10.3714448
 -16.74970188 -23.57660723 -26.72565735 -23.98970115 -14.14471253
  17.20832476  -3.22900441  -9.59259548 -21.05075403 -15.02493726
 -10.66078774 -10.76780815 -14.74502006 -19.41385492 -20.33581387
 -15.00921225  -8.71071239 -14.31064998  -8.45560569  -6.13027852
   2.19980091 -15.15818015 -10.93945438  -7.3428442   -9.58643772
 -17.11739654 -25.7049521  -29.01044363 -20.8741185   -1.65595542
   8.58078419 -19.84675818 -13.43383703   3.3651108    0.49292099]
beta_max: [ 3.38889216e+00  8.83812928e+00  2.00424022e+01  2.11865056e+01
  1.29605390e+01  2.40271531e+01  1.40128695e+01  1.78277428e+01
  1.42606933e+01  2.07547747e+01  1.65452644e+01  1.19236015e+01
  1.46967708e+01  1.54763742e+01  1.32617767e+01  1.87614269e+01
  1.60764692e+01  1.15098720e+01  1.35123177e+01  1.75045456e+01
  5.46639490e+00  1.69021877e+01  1.84447974e+01  1.75236091e+01
  1.36387106e+01  1.42269684e+01  2.03166776e+01  3.22460366e+00
  1.21773529e+01  1.66958261e+01  1.98147243e+01  2.08098310e+01
  1.69408771e+01  1.54090345e+01  2.28066093e+01  1.14192221e+01
  7.99887228e+00  1.40539224e+01  1.84045573e+01  2.21127852e+01
  2.33023031e+01  1.81017707e+01  1.47446327e+01  2.16360852e+01
  2.64347000e+01  7.99763144e+00  1.49630019e+01  1.84912212e+01
  2.05946819e+01  2.19191452e+01  2.06985964e+01  1.36593510e+01
  1.10024350e+01  1.14225933e+01  2.98788447e+01  1.18919675e+01
  2.01409921e+01  2.26454406e+01  2.13737290e+01  1.81855246e+01
  1.46686839e+01  1.09409508e+01  5.79896546e+00  1.11164872e+01
 -4.95831270e+00 -9.31471035e-01  1.03455224e+01  2.11625964e+01
  2.45443886e+01  2.21568864e+01  1.58665295e+01  8.76067525e+00
  4.88711137e+00  6.83236585e+00  1.44170338e+01  4.15120193e+01
  1.29969697e+01 -2.27659024e+00  2.19564347e+00  1.57665788e+01
  2.12046111e+01  2.09733284e+01  1.69580196e+01  1.21202280e+01
  1.06446022e+01  1.50920185e+01  2.00132680e+01  1.09027087e+01
  7.77036839e+00  1.95704729e-02  3.54756106e+00  4.39576869e+00
  1.95713513e+01  2.36716524e+01  2.11485511e+01  1.39854089e+01
  5.36433307e+00  1.39421620e+00  8.81643705e+00  2.67140528e+01
  3.52801048e+01 -7.90865137e-01 -6.11783179e+00  4.71287094e+00
  6.01761016e-01]
