beta_ridge: [ -3.06380729   3.78323523  -5.9656645   -8.61407513   7.02252314
   5.47346963   6.15518426  -2.13235613   0.07843003  12.5284749
   9.93040109  -5.07074079  -3.88479914 -16.53731198  -5.97265744
   0.25272903 -10.06990119  -6.02460896  20.80058114   6.53424587
  -6.10000844   8.13525231  -2.62088797  -5.76837838  -4.13989518
   7.25398583  -4.19878624   2.51115007   5.47865167 -13.15717446
  -4.48559508  14.4933628    9.40041361 -17.11270119   4.58743867
   0.5886197 ]
beta_min: [ -9.78115562  -4.61542534 -19.18275588 -18.91775028  -6.4866448
  -6.95930236  -5.80779095 -16.00841896 -12.82851551  -0.18859565
  -2.03257413 -19.2351712  -16.88272543 -28.81099606 -15.55534091
 -10.05094611 -23.94596402 -19.02253525   8.91527186  -1.83029554
 -10.27029344  -0.26340826 -16.13005591 -18.67532391 -16.41357925
  -1.11055559  -7.68821374   1.60770686  -1.23869666 -26.37426584
 -16.91836706   1.77629225  -0.18226987 -21.28298619   3.68399547
   0.50261657]
beta_max: [  3.65354104  12.1818958    7.25142688   1.68960002  20.53169108
  17.90624161  18.11815948  11.7437067   12.98537557  25.24554545
  21.8933763    9.09368962   9.11312715  -4.26362791   3.61002604
  10.55640418   3.80616165   6.97331732  32.68589043  14.89878728
  -1.92972343  16.53391288  10.88827997   7.13856716   8.13378889
  15.61852724  -0.70935875   3.41459328  12.196        0.05991693
   7.9471769   27.21043336  18.98309709 -12.94241618   5.49088188
   0.67462283]
