beta_lin: [ 4.75951483e+03  1.08512552e+04  8.59753768e+03 -3.56703671e+04
 -1.31010412e+04 -7.05636082e+04 -3.23606100e+04  5.66132470e+04
 -4.54768824e+03  9.82643866e+04 -2.07285509e+04  1.28815043e+05
  1.04195074e+05 -1.96408017e+04 -2.20761378e+04 -1.10756934e+05
  1.77111898e+05 -1.82717648e+05 -2.53780687e+05 -9.40387125e+01
 -2.54590328e+04  3.84869282e+04  1.67991400e+05 -1.74838708e+05
 -4.12374486e+04  6.93868543e+04  1.38286537e+05 -3.60251929e+04
 -4.68969639e+04  9.59733733e+04 -1.58541021e+05 -4.35168896e+04
  2.39000249e+05  1.94917269e+05 -1.13312786e+05  7.26080240e+04
  1.50364555e+04 -5.32529606e+04 -1.08220398e+04 -8.93338348e+04
  1.52094233e+05 -2.48390335e+04 -1.57880003e+05 -1.73464442e+05
 -1.86242807e+04  1.04523458e+04  2.68445691e+04 -4.05590557e+04
  1.11628445e+05  7.15568057e+04 -1.03310851e+04 -1.94849583e+05
 -7.32864910e+04  3.61596371e+05 -3.34314735e+04 -4.84826064e+04
  1.07163904e+05 -4.30786691e+04 -1.33816375e+05  5.54709073e+04
 -2.38990372e+04 -1.90879506e+04  6.19619897e+04  2.03414505e+05
 -2.78905869e+05  3.26898219e+04  3.26296666e+02 -5.47544280e+03
 -1.13902203e+04  4.89342215e+04 -2.45686987e+04  5.73576999e+04
 -1.68007912e+04 -8.99581061e+04  1.21632814e+05 -1.63273419e+05
  1.17470248e+05 -1.32069282e+04  5.99789101e+04 -6.99579260e+04
 -8.80919220e+04  8.20566762e+04  1.11065601e+05 -7.65543401e+04
 -9.96083859e+04  5.42500718e+04  9.48032252e+04 -1.15760996e+05
  7.06666475e+04 -2.88394665e+04  2.73919619e+03 -9.98362049e+04
  2.00286882e+05 -3.38869933e+04 -1.13248043e+05  1.38407315e+03
  7.24800634e+04 -6.06371307e+04  6.89963266e+04 -2.38877174e+04
 -3.93218610e+04  4.08431785e+04 -1.65898748e+04  3.92063360e+03
 -2.80790218e+02  2.41147495e+04 -3.20001900e+04 -1.86654936e+04
  1.82522854e+04  2.82992359e+03  4.99789185e+04 -3.22645126e+04
 -7.77241291e+04  1.14819178e+05 -7.05090408e+04  2.85508564e+04
 -9.10743143e+03  1.96645996e+03 -2.34421665e+02  1.11558179e+01
  4.43717963e+04 -1.49781588e+05  1.20280268e+05  9.28688671e+04
 -1.01210647e+05 -1.56141663e+05  2.12114846e+05  1.29101232e+04
 -1.61641706e+05  1.23071400e+05 -4.47181631e+04  8.68728492e+03
 -8.36830511e+02  2.13199256e+01  1.93884940e+00  7.45402337e-01]
beta_min: [-1.58712299e+04 -5.95744571e+04             nan -1.28740418e+05
 -2.09664577e+05 -1.89435026e+05 -1.53343479e+05 -1.45597048e+05
 -1.63871652e+05 -2.13777098e+05 -1.85696596e+05 -3.42740323e+04
 -4.72860628e+04 -2.18652248e+05 -1.80792798e+05 -2.97658555e+05
 -4.08689135e+04 -3.41161072e+05 -5.35868374e+05 -2.49140037e+05
             nan -1.62370551e+05 -4.92664992e+04 -4.60611502e+05
 -2.97218367e+05 -1.13079558e+05 -1.55543031e+05 -1.38862141e+05
 -2.54718382e+05 -9.65904157e+04 -4.46518379e+05 -3.07584804e+05
 -4.81234096e+04 -3.90058438e+04 -3.30747541e+05             nan
 -1.97656259e+05 -3.67112127e+05 -5.96809093e+04 -3.51149830e+05
 -1.26263138e+05 -2.04825043e+05 -4.32259134e+05 -3.37605303e+05
             nan -2.31121514e+05 -2.58839560e+05 -2.29465301e+05
 -1.42639793e+04 -2.17814612e+05 -2.44013583e+05 -4.32238582e+05
 -1.64323791e+05 -1.45935263e+03 -1.80196098e+05 -2.98234221e+05
 -1.97121713e+05 -3.46316792e+05 -3.53117288e+05 -1.60591402e+05
 -2.02096155e+05 -2.41784239e+05 -1.48767650e+05 -2.79878665e+04
 -5.55549314e+05 -5.87299058e+04 -1.86306697e+05 -2.42840609e+05
 -2.49947909e+05 -1.42571343e+05 -3.13534272e+05 -2.32514373e+05
 -2.71724771e+05 -3.28489312e+05 -1.15017739e+05 -3.47123944e+05
  3.34001232e+03 -4.25953976e+04 -7.52048224e+04 -3.39476796e+05
 -3.88350964e+05 -1.85108923e+05 -1.41032781e+05 -2.26082368e+05
 -2.37732889e+05 -1.47726610e+05 -1.32903586e+05 -2.82008046e+05
 -6.68230750e+03 -5.63028133e+04 -2.51022782e+03 -2.05803588e+05
 -5.23575966e+04 -1.05829401e+05             nan -1.76452182e+05
 -1.40419548e+05 -3.53230286e+05 -1.85175136e+05 -2.63278602e+05
 -2.04423522e+05 -2.99665181e+04 -3.60682731e+04  1.16425235e+02
 -7.66284357e+02 -6.01793723e+04 -2.64477795e+05 -1.86504810e+05
 -2.04507393e+05 -2.05584869e+05             nan -1.24392091e+05
 -3.03876532e+05 -1.73244152e+05 -2.66853513e+05 -5.13078885e+04
 -2.91835692e+04 -1.11770651e+03 -5.23133637e+02 -7.45019060e+00
 -3.25684058e+04 -4.08994123e+05 -1.17712662e+05             nan
 -1.83085126e+05 -4.69740807e+05 -4.15663482e+04             nan
 -2.35952175e+05 -5.00788651e+04 -1.32879249e+05 -1.63479675e+04
 -4.95776436e+03 -3.44487558e+02 -1.24518826e+01  5.49232185e-01]
beta_max: [ 2.53902596e+04  8.12769674e+04             nan  5.73996841e+04
  1.83462495e+05  4.83078094e+04  8.86222585e+04  2.58823542e+05
  1.54776276e+05  4.10305871e+05  1.44239494e+05  2.91904117e+05
  2.55676211e+05  1.79370645e+05  1.36640523e+05  7.61446872e+04
  3.95092710e+05 -2.42742240e+04  2.83069990e+04  2.48951960e+05
             nan  2.39344407e+05  3.85249300e+05  1.10934087e+05
  2.14743470e+05  2.51853267e+05  4.32116105e+05  6.68117553e+04
  1.60924454e+05  2.88537162e+05  1.29436337e+05  2.20551025e+05
  5.26123907e+05  4.28840381e+05  1.04121969e+05             nan
  2.27729170e+05  2.60606206e+05  3.80368296e+04  1.72482160e+05
  4.30451603e+05  1.55146976e+05  1.16499128e+05 -9.32357987e+03
             nan  2.52026206e+05  3.12528698e+05  1.48347190e+05
  2.37520870e+05  3.60928223e+05  2.23351412e+05  4.25394164e+04
  1.77508086e+04  7.24652095e+05  1.13333151e+05  2.01269008e+05
  4.11449521e+05  2.60159453e+05  8.54845382e+04  2.71533217e+05
  1.54298081e+05  2.03608338e+05  2.72691629e+05  4.34816876e+05
 -2.26242432e+03  1.24109550e+05  1.86959290e+05  2.31889724e+05
  2.27167468e+05  2.40439786e+05  2.64396874e+05  3.47229772e+05
  2.38123189e+05  1.48573100e+05  3.58283367e+05  2.05771050e+04
  2.31600485e+05  1.61815411e+04  1.95162643e+05  1.99560944e+05
  2.12167120e+05  3.49222275e+05  3.63163983e+05  7.29736874e+04
  3.85161175e+04  2.56226753e+05  3.22510037e+05  5.04860549e+04
  1.48015602e+05 -1.37611984e+03  7.98862020e+03  6.13117820e+03
  4.52931360e+05  3.80554148e+04             nan  1.79220328e+05
  2.85379675e+05  2.31956024e+05  3.23167789e+05  2.15503167e+05
  1.25779800e+05  1.11652875e+05  2.88852346e+03  7.72484197e+03
  2.04703922e+02  1.08408871e+05  2.00477415e+05  1.49173823e+05
  2.41011964e+05  2.11244716e+05             nan  5.98630663e+04
  1.48428273e+05  4.02882508e+05  1.25835431e+05  1.08409601e+05
  1.09687063e+04  5.05062642e+03  5.42903074e+01  2.97618265e+01
  1.21311998e+05  1.09430948e+05  3.58273198e+05             nan
 -1.93361682e+04  1.57457481e+05  4.65796040e+05             nan
 -8.73312383e+04  2.96221664e+05  4.34429232e+04  3.37225374e+04
  3.28410334e+03  3.87127410e+02  1.63295814e+01  9.41572488e-01]
