beta_ridge: [ 1.35041199e+00 -4.52612478e+00  5.88522353e+00  3.99016024e+00
 -1.76621410e+00  1.39871063e+00 -1.23895433e+00 -9.36165038e-01
  8.49202451e-01 -6.84216610e+00  1.71747241e+00 -2.80185496e+00
 -2.89130576e+00  4.00305967e+00 -1.12551159e+01 -1.86693755e+00
  4.27451225e+00 -1.18008958e+00 -2.48633105e+00  7.29463482e+00
 -5.02491183e+00 -9.66402009e+00  4.77659287e+00  7.97465325e+00
  3.70369374e-01 -1.96636056e+00  7.43423166e+00  1.04935657e+01
 -1.27517404e+01  2.91217542e+00  9.24748629e+00  6.72545554e+00
 -3.08524737e+00 -3.94142776e+00 -1.86001790e+00  1.67159874e+01
 -6.46127480e+00  5.89371268e+00  7.94952979e+00  3.16750917e+00
 -4.65526235e+00 -1.16358543e+01 -2.70846903e+00 -1.81257436e+01
 -9.66189404e+00  2.43204443e-03  1.00733088e+01  7.86598291e+00
 -1.85471188e+00 -1.15092964e+01 -1.35957504e+01 -3.53038301e+00
  3.06039001e+01  5.16090391e+00 -6.19903667e+00 -1.00931871e+01
  4.34675632e+00  6.73656911e+00  1.33937984e+00 -4.55465175e+00
 -3.77533516e+00  2.73942928e+00  5.51795937e-01  1.39134952e+00
 -3.92387450e+00  2.93596708e+00 -6.61670238e-01  7.84153478e+00
  4.37409265e+00 -5.95164936e+00 -1.41527788e+01 -9.94565319e+00
  9.42562465e+00  2.35675317e+01 -7.38467878e+00 -1.18525010e+01
  4.43372986e+00  5.32698007e-01]
beta_min: [ -7.32095647 -15.04293269  -9.1041597   -8.6747723  -16.94251622
 -13.43795891 -15.46819659 -16.49882908 -14.53704746 -21.73897425
 -13.12664931 -19.11809092 -18.66181337 -11.29599082 -26.34227403
 -16.88130263 -12.43136596 -17.47760587 -18.30256329  -7.98866569
 -19.67330491 -24.67838517 -11.94710351  -8.65279523 -15.83081586
 -17.64534007  -7.41524599  -3.46787332 -27.59586209 -13.7937028
  -7.37996219  -9.82191977 -19.21279913 -19.14400066 -16.0359832
   3.40833343 -20.69051706 -10.42252328  -8.34798651 -13.03367607
 -20.78281411 -27.00794655 -16.76989563 -30.63585151 -19.03955839
 -12.66250049  -5.48935528  -7.9045247  -17.67094412 -27.18827589
 -28.7983233  -17.59180962  18.56811438  -2.8812936   -9.74569414
 -20.60999503 -10.82954579  -8.6496808  -13.95967065 -19.83795226
 -18.6248128  -11.43653602 -11.95831198  -6.65084799  -6.92008304
   2.28135615  -9.33303869  -7.14784845 -10.4625769  -20.8484575
 -29.23993691 -24.59404626  -4.53581441  10.25987773 -16.76234312
 -15.39915847   3.77911893   0.4790498 ]
beta_max: [10.02178045  5.99068314 20.87460676 16.65509277 13.41008801 16.23538017
 12.99028793 14.626499   16.23545236  8.05464204 16.56159414 13.514381
 12.87920185 19.30211016  3.83204224 13.14742754 20.98039047 15.11742672
 13.32990118 22.57793533  9.62348125  5.350345   21.50028924 24.60210173
 16.57155461 13.71261895 22.2837093  24.45500478  2.09238137 19.61805364
 25.87493477 23.27283084 13.04230439 11.26114515 12.3159474  30.02364142
  7.76796747 22.20994864 24.24704608 19.36869441 11.4722894   3.73623804
 11.35295758 -5.61563566 -0.2842297  12.66736458 25.6359728  23.63649051
 13.96152035  4.16968313  1.60682252 10.53104359 42.63968583 13.20310141
 -2.6523792   0.4236208  19.52305844 22.12281903 16.63843033 10.72864876
 11.07414248 16.91539457 13.06190386  9.43354703 -0.92766595  3.59057801
  8.00969821 22.830918   19.2107622   8.94515878  0.93437935  4.70273988
 23.38706372 36.87518572  1.99298555 -8.30584354  5.08834079  0.58634622]
