beta_ridge: [ -1.24458253  -0.0838057    1.72217663  -1.54072597   0.68019001
   3.0538302    0.41588385  -1.46040261   0.85139809   2.62345533
   1.7795518    0.33692261  -1.78463475   0.60680767   0.5899166
   2.43830594   1.28038729  -0.02432726  -2.27798689   0.28183278
  -2.4525467    1.25909881   1.46829598   0.70056364  -0.3977665
  -2.59185012   0.34533087  -5.35340388  -1.74465733   0.18621562
   0.81533696   0.38195458  -0.46749141  -2.34430333   1.25388906
  -6.44023243  -5.31487238  -2.07382939   0.09631759   0.90003598
   0.60289179  -0.04271485  -1.33408132   3.07959085  -3.96919599
  -7.4968399   -3.70624849  -0.58121279   1.35443834   1.838088
   1.24946049   0.60060756   0.0726999    4.82420514   2.58346002
  -6.5030793   -2.95054355   0.24438088   2.55042579   3.46685419
   2.83624223   1.28704138   0.29147424   0.57020387   3.64644129
  10.05017562  -2.19608007   0.48434452   2.91801274   4.66253678
   5.20473117   4.14204722   1.55609291  -1.46854929  -2.76524452
  -1.31085664  -4.35775895   9.2367517    1.73888887   3.22913452
   4.43490673   5.04219123   4.65960503   2.91289326  -0.31968757
  -4.46554242  -7.68248779  -6.88791763  -1.40211397 -15.72642714
  -8.09720983  -1.52649889  -0.71874857  -0.2096832   -0.14517874
  -0.69048191  -1.9752073   -3.95978575  -6.17078323  -7.26799124
  -4.55224023   5.82585845  24.23059491   5.59615367  -5.12660102
  -3.90750798  -1.63349873   0.1926521    1.49836145   2.24148296
   2.43186393   2.15574574   1.58531066   0.92362189   0.2006727
  -1.03900248  -3.10204744  -0.48477755  -2.29262939   2.4502493
  -2.54665562   1.75520919   4.0086272    4.09256943   2.15561529
  -1.24585847  -5.01116857  -7.44793878  -6.5278749   -0.87611402
   7.91550379  11.98399815  -0.52245673 -11.98490506   3.93035408
   0.58989815]
beta_min: [-13.18717965 -13.48268501 -12.90747329 -16.26328587 -14.27508467
 -12.42542072 -15.03702463 -17.10503543 -14.75388333 -12.90188825
 -13.92459875 -15.85525866 -17.76909396 -15.16075109 -14.76898947
 -13.4044011  -15.08598808 -16.46424321 -18.31164993 -15.44226987
 -17.7296664  -14.65336033 -14.99522643 -15.8807466  -16.8430624
 -18.59085864 -15.29273038 -20.6326473  -17.68962924 -16.31942851
 -15.84229713 -16.19676907 -16.85167184 -18.31747302 -14.29278616
 -21.63388043 -21.2598443  -18.59246721 -16.58464309 -15.7412177
 -15.91462059 -16.37169724 -17.25969194 -12.31888152 -18.87544401
 -23.40929905 -20.21189262 -17.26217347 -15.2960148  -14.72918308
 -15.21483328 -15.65467213 -15.69888745 -10.3120765  -11.90032174
 -22.34578634 -19.41406596 -16.41325321 -14.09082789 -13.1004169
 -13.67010395 -15.11949159 -15.82702301 -14.92459107 -11.11306826
  -3.99683895 -17.90023063 -15.88203085 -13.6632975  -11.91618687
 -11.3127812  -12.32224655 -14.85044006 -17.72845121 -18.64238758
 -16.41621286 -18.55306365  -4.0184712  -13.71401961 -12.96304676
 -12.00500922 -11.40310468 -11.7245754  -13.41608913 -16.57496726
 -20.58403967 -23.55963085 -22.2714127  -15.7544037  -28.69810108
 -18.83359671 -16.2490588  -16.36338139 -16.19414242 -16.17884178
 -16.68949043 -17.94837699 -19.88539637 -21.94237058 -22.76278619
 -19.65759645  -8.52643127  11.62559327  -3.79240964  -9.88861828
 -17.3063873  -16.5887734  -15.41262931 -14.26919732 -13.48261969
 -13.20619733 -13.39092948 -13.81316171 -14.21265975 -14.55883685
 -15.23430718 -16.07372138  -9.87334086  -6.31480923   1.45938696
 -14.48925274 -12.87444073 -11.47062371 -11.43277415 -13.20329078
 -16.52297816 -20.29041198 -22.64158678 -21.43412292 -15.35989578
  -6.13151078  -1.27122474 -11.25884361 -16.74692232   2.93949174
   0.50099771]
beta_max: [10.69801459 13.31507362 16.35182654 13.18183394 15.63546468 18.53308112
 15.86879234 14.18423021 16.4566795  18.1487989  17.48370235 16.52910388
 14.19982447 16.37436644 15.94882267 18.28101298 17.64676266 16.41558869
 13.75567616 16.00593543 12.82457299 17.17155796 17.93181839 17.28187388
 16.0475294  13.40715841 15.98339213  9.92583953 14.20031459 16.69185974
 17.47297105 16.96067823 15.91668903 13.62886636 16.80056428  8.75341557
 10.63009953 14.44480843 16.77727826 17.54128966 17.12040417 16.28626754
 14.5915293  18.47806323 10.93705203  8.41561924 12.79939564 16.09974789
 18.00489148 18.40535909 17.71375427 16.85588726 15.84428725 19.96048678
 17.06724178  9.33962774 13.51297886 16.90201497 19.19167947 20.03412528
 19.3425884  17.69357435 16.40997148 16.06499882 18.40595084 24.09719019
 13.50807048 16.85071988 19.49932298 21.24126043 21.72224355 20.606341
 17.96262588 14.79135262 13.11189854 13.79449958  9.83754575 22.49197459
 17.19179735 19.42131579 20.87482268 21.48748713 21.04378547 19.24187565
 15.93559212 11.65295482  8.19465527  8.49557743 12.95017575 -2.7547532
  2.63917705 13.19606102 14.92588425 15.77477602 15.8884843  15.30852662
 13.99796239 11.96582487  9.60080413  8.2268037  10.55311598 20.17814818
 36.83559654 14.98471699 -0.36458376  9.49137134 13.32177595 15.79793351
 17.26592021 17.96558561 18.06992519 17.70242096 16.98378303 16.05990354
 14.96018226 13.15630222  9.86962649  8.90378577  1.72955045  3.44111164
  9.3959415  16.3848591  19.48787812 19.61791301 17.51452136 14.03126123
 10.26807484  7.74570923  8.37837312 13.60766774 21.96251836 25.23922104
 10.21393015 -7.2228878   4.92121642  0.6787986 ]
