beta_ridge: [-16.29875118  17.06088579  28.61772841  -5.15526646 -30.6880259
  -7.31504916  10.68032477  -8.21204173  21.64491641  -9.13178097
  19.6707461  -54.94337935  45.90888185 -15.73950232   3.92971816
   1.31434186 -23.7872868   49.1182035  -35.05768818   8.07723147
   0.37269612]
beta_min: [-16.45027343  16.92897427  28.23174589  -5.28400305 -30.98313873
  -7.68489214  10.55158818  -8.48677379  21.37051221  -9.29696185
  19.53883458 -55.23849217  45.63447765 -15.86856623   3.89524781
   1.16281962 -24.17326932  48.74836052 -35.22286907   8.04276112
   0.36957575]
beta_max: [-16.14722893  17.19279731  29.00371094  -5.02652988 -30.39291307
  -6.94520618  10.80906135  -7.93730967  21.91932061  -8.96660009
  19.80265762 -54.64826652  46.18328605 -15.61043841   3.96418851
   1.46586411 -23.40130427  49.48804649 -34.8925073    8.11170182
   0.37581649]
