beta_ridge: [-13.59049631  12.43346879  23.75110301  -6.98028678 -20.19315012
  -5.63874806  -0.63577454  10.99697882   7.27678135  -7.47329669
   9.18497403 -22.02407024  13.85942485  -3.78524399   2.59150561
  -8.699419     6.06692823  14.79345917 -16.89039573   4.0237094
   0.63237389]
beta_min: [-17.97166556   7.72398423  13.67785002 -11.78673609 -29.20493608
 -14.56919697  -5.44222386   2.5412477   -0.18250984 -11.35308748
   4.47548947 -31.03585621   6.40013366  -7.05825406   1.75742545
 -13.08058826  -4.00632477   5.86301026 -20.77018651   3.18962924
   0.5504649 ]
beta_max: [ -9.20932705  17.14295335  33.82435601  -2.17383746 -11.18136416
   3.29170086   4.17067477  19.45270995  14.73607254  -3.59350591
  13.89445859 -13.01228428  21.31871604  -0.51223392   3.42558577
  -4.31824974  16.14018122  23.72390809 -13.01060494   4.85778956
   0.71428288]
