beta_ridge: [-17.89388731  16.20011372  33.00394173  -5.60743904 -28.34600526
 -11.95832587   9.23323818  -5.25801475  18.59320337  -6.74244391
  18.93181075 -51.67753632  41.92305021 -13.69921487   3.31821567
  -1.4386044  -16.61363485  41.96900215 -31.70370977   7.34199259
   0.4458453 ]
beta_min: [-19.35815127  14.90016254  29.32250572  -6.87982705 -31.20455128
 -15.44045945   7.96085017  -7.9202651   15.97610878  -8.27921201
  17.63185957 -54.53608234  39.30595562 -14.91249262   3.00089867
  -2.90286837 -20.29507086  38.48686856 -33.24047787   7.02467559
   0.41741324]
beta_max: [-1.64296233e+01  1.75000649e+01  3.66853777e+01 -4.33505103e+00
 -2.54874592e+01 -8.47619228e+00  1.05056262e+01 -2.59576439e+00
  2.12102980e+01 -5.20567581e+00  2.02317619e+01 -4.88189903e+01
  4.45401448e+01 -1.24859371e+01  3.63553267e+00  2.56595611e-02
 -1.29321988e+01  4.54511357e+01 -3.01669417e+01  7.65930959e+00
  4.74277363e-01]
