beta_ridge: [ 7.34087227e-01  2.41197171e-01  2.50290720e+00 -1.76258604e+00
  6.42239529e-01  2.43378593e+00  1.25025719e+00 -2.09282392e+00
  5.80031509e-01  6.62382880e-01  2.48969060e+00  6.85893354e-01
 -2.62037770e+00  3.79343262e-01 -2.23453775e+00  1.74015608e+00
  1.66414505e+00  8.59683652e-02 -2.98683571e+00  5.03595998e-01
 -5.11142252e+00 -1.20411815e+00  9.86405172e-01  1.12133019e+00
 -2.11120999e-01 -2.79006885e+00  1.41306892e+00 -6.27965899e+00
 -5.18061490e+00 -1.02741987e+00  1.08772857e+00  1.17346418e+00
  1.69119296e-02 -1.79676190e+00  3.19635290e+00 -3.94983534e+00
 -7.98223510e+00 -2.81297222e+00  7.45850773e-01  2.19250639e+00
  1.73352913e+00  5.26242692e-01 -3.33462137e-01  4.88505181e+00
  2.47746908e+00 -7.41590191e+00 -2.35064139e+00  1.54921383e+00
  3.60349324e+00  3.48282198e+00  1.75112803e+00  1.53347755e-01
  3.23140080e-01  3.67264961e+00  9.91825833e+00 -3.06770815e+00
  9.39120319e-01  4.03833816e+00  5.58708948e+00  5.05479740e+00
  2.44413104e+00 -1.08767156e+00 -2.96500388e+00 -1.31784257e+00
 -4.32753872e+00  9.20317498e+00  1.21077578e+00  3.66253048e+00
  5.30255430e+00  5.64168540e+00  4.21541602e+00  8.50865180e-01
 -3.83406320e+00 -7.76378825e+00 -7.33218016e+00 -1.20348952e+00
 -1.56711974e+01 -8.03637495e+00 -2.05185875e+00 -5.48045205e-01
  2.91695024e-01  2.23952420e-01 -9.46008360e-01 -3.20456557e+00
 -6.02382131e+00 -7.87348274e+00 -5.68025085e+00  4.92021412e+00
  2.45096558e+01  5.71510317e+00 -5.13486927e+00 -4.24149744e+00
 -1.32624287e+00  8.84063179e-01  2.28215519e+00  2.82621629e+00
  2.58498797e+00  1.77656086e+00  7.45463042e-01 -2.29636398e-01
 -1.32099029e+00 -2.79671213e+00  1.29760956e-01 -2.60019276e+00
  2.46256741e+00 -6.26371608e-01  2.78369286e+00  3.80336931e+00
  2.51585680e+00 -5.70510839e-01 -4.36496041e+00 -7.11925133e+00
 -6.65523695e+00 -1.34692330e+00  7.49922321e+00  1.21004448e+01
  1.76446697e-02 -1.23599149e+01  4.00771913e+00  5.87261707e-01]
beta_min: [-10.79115255 -12.80480153 -12.08446671 -16.23475413 -14.22623836
 -12.95359945 -14.01852958 -17.64064284 -14.95060931 -14.66984362
 -13.04739197 -15.44141654 -18.50842331 -15.25610351 -17.38816216
 -13.94224581 -14.64516614 -16.28306387 -18.89601167 -15.0507566
 -20.2367807  -16.95290921 -15.41968411 -15.39681091 -16.55376111
 -18.66052029 -14.04849147 -21.3987091  -20.95005121 -17.46577385
 -15.50112617 -15.30853466 -16.24621732 -17.63809809 -12.14663197
 -18.84304314 -23.73102616 -19.25132619 -15.85464533 -14.34371386
 -14.66885961 -15.66502345 -16.06932626 -10.21621859 -11.96051028
 -23.09830381 -18.75673067 -15.0396409  -12.93272701 -12.965887
 -14.59801551 -15.93232063 -15.15215385 -11.04229659  -4.07225908
 -18.60479073 -15.37019088 -12.47980293 -10.89490936 -11.34759134
 -13.9050125  -17.32451712 -18.8247849  -16.37742434 -18.49052182
  -4.04454386 -14.058011   -12.46477941 -11.06647794 -10.70095471
 -12.04771322 -15.34040096 -19.91973159 -23.62356927 -22.67897321
 -15.51610277 -28.62828155 -18.70982728 -16.52402684 -16.09586413
 -15.59635059 -15.68522354 -16.8164598  -19.04590176 -21.75968543
 -23.34877667 -20.73983261  -9.39239912  11.91823482  -3.63383439
  -9.86035129 -17.28749614 -16.19472075 -14.64657764 -13.35329159
 -12.72813631 -12.87657241 -13.56642401 -14.35580736 -14.94458259
 -15.4839734  -15.75379623  -9.2191766   -6.58779688   1.47676157
 -12.15161138 -11.80368105 -11.58401608 -12.8163697  -15.72413525
 -19.4903186  -22.23830144 -21.54844474 -15.78490267  -6.4912942
  -1.14727405 -10.65580766 -17.08539694   3.02191329   0.49848139]
beta_max: [12.259327   13.28719587 17.09028111 12.70958205 15.51071742 17.82117131
 16.51904397 13.45499501 16.11067232 15.99460938 18.02677318 16.81320324
 13.26766792 16.01479004 12.91908666 17.42255798 17.97345625 16.4550006
 12.92234025 16.05794859 10.01393567 14.54467292 17.39249445 17.63947129
 16.13151911 13.0803826  16.8746293   8.83939112 10.58882142 15.4109341
 17.6765833  17.65546302 16.28004118 14.04457428 18.53933776 10.94337246
  7.76655597 13.62538176 17.34634688 18.72872665 18.13591787 16.71750883
 15.40240198 19.98632221 16.91544845  8.26649998 14.05544789 18.13806857
 20.1397135  19.93153096 18.10027157 16.23901615 15.79843401 18.3875958
 23.90877574 12.46937442 17.24843151 20.55647926 22.06908832 21.45718614
 18.79327458 15.149174   12.89477713 13.74173919  9.83544438 22.45089382
 16.47956256 19.78984037 21.67158654 21.98432551 20.47854527 17.04213132
 12.25160519  8.09599276  8.01461289 13.10912372 -2.71411335  2.63707737
 12.42030934 14.99977373 16.17974064 16.13312838 14.92444308 12.63677061
  9.71204281  7.60181119  9.37933091 19.23282737 37.1010767  15.06404072
 -0.40938724  8.80450126 13.54223502 16.414704   17.91760196 18.38056888
 18.04654835 17.11954573 15.84673344 14.48530979 12.84199281 10.16037197
  9.47869851  1.38741136  3.44837325 10.89886817 17.37106676 19.19075469
 17.84808329 14.58311357 10.76039777  7.99979878  8.23797085 13.09105607
 21.48974062 25.34816363 10.691097   -7.63443289  4.99352497  0.67604203]
