beta_lin: [ 9.44579039e+03  6.61753271e+03  3.00828014e+04  4.28328329e+04
 -9.51331225e+04 -2.83864005e+05 -7.87116467e+04 -7.65713293e+04
  3.02854363e+05  7.08276876e+05  6.24279916e+04  1.93884199e+05
 -2.88972977e+04 -4.35966015e+05 -9.24760130e+05 -1.61748755e+04
 -2.08891659e+05 -7.77271920e+04  1.25153362e+05  3.40317013e+05
  7.33132627e+05 -1.85760930e+03  9.11501613e+04  1.90107503e+05
 -1.25887026e+05 -6.78963127e+04 -1.53095977e+05 -3.71782347e+05
  2.04254258e+04 -5.51771286e+04 -1.07113020e+05  2.40361413e+04
  7.88390757e+04  1.08157700e+04  3.75294170e+04  1.21716597e+05
  4.96972215e+04 -2.00720630e+05  2.98737136e+05 -5.56213468e+04
 -1.34237324e+05  7.01817343e+04 -2.34565295e+04 -9.08875783e+02
 -2.51226022e+04 -4.66015164e+04  9.97126258e+04 -7.00672729e+03
 -1.07932321e+05 -1.04661915e+04  1.47758248e+05 -1.02338330e+05
  2.82478806e+04 -3.23626431e+03  3.07043935e+03  4.36976014e+04
 -1.26724086e+05  1.44013605e+05 -9.14290127e+04  2.50819627e+04
  5.15396746e+04 -8.32061635e+04  4.81283567e+04 -1.19125614e+04
  1.13796490e+03 -1.98443571e+02 -2.41452574e+04  8.59690414e+04
 -1.29239088e+05  1.10547884e+05 -6.28740680e+04  3.14853856e+04
 -2.29201342e+04  1.77346980e+04 -8.22820393e+03  1.76621039e+03
 -1.25098095e+02  5.41729320e+00 -7.31486652e+04  3.09766725e+05
 -4.77879195e+05  2.15925227e+05  2.81429258e+05 -4.94501782e+05
  3.48371149e+05 -1.38331421e+05  3.23686653e+04 -4.26976974e+03
  2.71895937e+02 -5.00230348e+00  7.71472768e-01]
beta_min: [-3.14068791e+03 -4.50710962e+04             nan -1.79952975e+04
 -2.99148342e+05             nan -1.72639815e+05 -2.61089726e+05
 -1.86368751e+04             nan -5.14072137e+04 -4.59545777e+04
 -2.69857532e+05 -6.75318643e+05             nan -1.22872383e+05
 -4.58857486e+05 -4.00232020e+05 -5.83458774e+04  2.13780361e+05
  3.26152851e+05 -9.67715868e+04 -1.85265838e+05 -6.95941288e+04
 -4.47037527e+05 -2.42873453e+05 -3.17846345e+05 -6.72204974e+05
 -8.86386313e+04 -3.14858624e+05 -3.74597995e+05 -2.72845511e+05
 -1.68094840e+05 -1.69639663e+05 -8.62831912e+04 -4.52208277e+03
 -6.22822008e+04 -4.62797497e+05 -3.33663580e+04 -3.56206810e+05
 -3.58992847e+05 -1.14965789e+05 -1.39363177e+05 -5.45049862e+04
 -5.75183520e+04 -1.40151249e+05 -1.36717085e+05 -2.95278328e+05
 -4.20533164e+05 -2.98992547e+05 -5.11581456e+04 -2.15998241e+05
 -1.94838782e+04 -1.73532172e+04 -1.87016592e+03 -1.81090085e+04
 -3.22250032e+05 -1.47599557e+05 -3.78314187e+05 -2.11329058e+05
 -1.43529532e+05 -2.03298172e+05 -2.81357300e+02 -2.47157120e+04
 -1.10032631e+03 -6.06147634e+02 -7.45991199e+04 -1.18583134e+05
 -4.81889560e+05 -2.46030210e+05 -3.57142417e+05 -2.01776187e+05
 -1.62242442e+05 -3.76644319e+04 -2.23641823e+04 -4.56691978e+02
 -3.29780174e+02 -9.36672195e+00 -1.27834630e+05  7.00071253e+04
 -8.75748155e+05 -2.49113290e+04  1.56304347e+05 -8.29584135e+05
  8.24375329e+04 -2.54922437e+05  1.82401671e+03 -8.96544731e+03
 -1.16383381e+02 -1.91608913e+01  5.81782541e-01]
beta_max: [ 2.20322687e+04  5.83061616e+04             nan  1.03660963e+05
  1.08882097e+05             nan  1.52165220e+04  1.07947067e+05
  6.24345601e+05             nan  1.76263197e+05  4.33722977e+05
  2.12062937e+05 -1.96613387e+05             nan  9.05226320e+04
  4.10741679e+04  2.44777636e+05  3.08652601e+05  4.66853665e+05
  1.14011240e+06  9.30563682e+04  3.67566160e+05  4.49809134e+05
  1.95263474e+05  1.07080828e+05  1.16543916e+04 -7.13597203e+04
  1.29489483e+05  2.04504366e+05  1.60371955e+05  3.20917793e+05
  3.25772992e+05  1.91271203e+05  1.61342025e+05  2.47955276e+05
  1.61676644e+05  6.13562383e+04  6.30840631e+05  2.44964116e+05
  9.05181976e+04  2.55329257e+05  9.24501178e+04  5.26872346e+04
  7.27314759e+03  4.69482159e+04  3.36142336e+05  2.81264874e+05
  2.04668523e+05  2.78060164e+05  3.46674643e+05  1.13215820e+04
  7.59796394e+04  1.08806885e+04  8.01104462e+03  1.05504211e+05
  6.88018594e+04  4.35626767e+05  1.95456162e+05  2.61492984e+05
  2.46608881e+05  3.68858447e+04  9.65380706e+04  8.90589115e+02
  3.37625612e+03  2.09260492e+02  2.63086052e+04  2.90521217e+05
  2.23411384e+05  4.67125979e+05  2.31394281e+05  2.64746958e+05
  1.16402173e+05  7.31338279e+04  5.90777440e+03  3.98911276e+03
  7.95839834e+01  2.02013083e+01 -1.84627004e+04  5.49526325e+05
 -8.00102349e+04  4.56761782e+05  4.06554168e+05 -1.59419429e+05
  6.14304766e+05 -2.17404061e+04  6.29133139e+04  4.25907819e+02
  6.60175255e+02  9.15628433e+00  9.61162994e-01]
