beta_lin: [ 8.67646449e+03 -8.61090186e+03 -2.62026721e+04  1.36095520e+04
  1.16528386e+04  3.21164169e+04 -8.32772571e+03 -2.70280162e+04
  1.28652807e+04 -3.51385176e+04 -2.67578977e+03  1.02713100e+04
  8.94050549e+03 -1.60591456e+04  5.09256351e+04 -2.77963352e+04
  6.61850849e+04 -9.48503623e+03  3.96583573e+03 -2.66798104e+04
 -4.87998575e+04  6.60602044e+04 -7.34669476e+04 -5.54340794e+04
 -1.56442752e+03  2.15322497e+04  4.67997647e+04  1.81257753e+04
 -6.42708186e+04  3.75508700e+04  5.44711401e+04  1.89625168e+04
  1.14126774e+04 -4.52564830e+04 -2.06269364e+04  5.56564120e+03
  3.81028070e+04  1.67556278e+04 -1.47472503e+05  1.50102069e+05
 -9.33462743e+04  1.76556210e+03  4.22473452e+04 -4.95487971e+03
 -7.70227953e+03 -8.08704202e+03 -3.42101778e+04  9.36232645e+04
 -6.11155940e+04  1.58300257e+04 -2.29896476e+04  4.35288177e+04
 -3.56174546e+04  9.17926305e+03  2.91715789e+03  6.32445289e+04
 -1.86540932e+05  1.49343793e+05  5.69012500e+04 -1.16570046e+05
 -1.60045883e+04  1.00317378e+05 -7.20381292e+04  2.54838408e+04
 -4.57303613e+03 -5.21252865e+02 -4.83904778e+04  1.14153107e+05
 -3.62257470e+04 -6.03964785e+04 -3.70941194e+04  1.24191317e+05
 -4.26699279e+04 -3.88381635e+04  3.39045208e+04 -9.65818586e+03
  1.12387530e+03  4.03092261e+01  1.70057420e+04 -2.79562780e+04
 -2.91120202e+04  7.41901804e+04 -1.00793793e+04 -6.21500155e+04
  5.97007931e+04 -3.38193490e+04  1.82916317e+04 -7.53053496e+03
  1.57060681e+03 -1.12944198e+02 -6.63582504e-01 -2.62247027e+04
  7.46232230e+04 -3.22199146e+04 -1.01177810e+05  1.20599026e+05
  1.39815392e+04 -1.11626317e+05  9.18091963e+04 -3.70174842e+04
  8.11230983e+03 -8.95275290e+02  3.02830261e+01  1.49366634e+00
  7.70582573e-01]
beta_min: [-6.21215755e+03 -6.71716487e+04 -6.83947287e+04 -8.71094640e+04
 -1.55154536e+05 -6.51225812e+04 -1.18832970e+05 -3.05629643e+05
 -1.74853182e+05 -2.25551029e+05 -2.04056946e+05 -2.50119443e+05
 -1.75799330e+05 -2.63785848e+05 -1.41355184e+05 -2.88096958e+05
 -2.63588872e+05 -2.51248760e+05 -3.39919125e+04 -2.96659628e+05
 -2.33118542e+05 -2.02885755e+05 -4.70012424e+05 -3.54668253e+05
 -1.73759762e+05 -1.67418779e+05 -1.98513917e+05 -1.80503631e+05
 -3.34893639e+05 -2.61489135e+05 -2.73862600e+05 -2.48540774e+05
 -2.10717574e+05 -3.04229139e+05 -2.11968668e+05 -1.33054042e+05
 -2.22319824e+05 -3.72222823e+05 -4.84174814e+05  1.30044163e+05
 -4.19085859e+05 -2.35537397e+05 -1.71445939e+05 -1.16545472e+05
 -6.85333693e+04 -2.04658693e+05 -3.37253785e+05 -1.01162788e+05
 -1.25084947e+05 -2.82058034e+05 -2.52768160e+05 -1.65359328e+05
 -1.48502497e+05 -3.74447101e+04 -1.41015512e+04 -4.69171514e+04
 -4.43121582e+05 -8.86810024e+04 -1.59356885e+05 -2.99825912e+05
 -2.23061182e+05 -1.02629276e+05 -1.79669460e+05 -1.76274505e+04
 -1.72541785e+04 -3.45541807e+03 -1.47420274e+05 -1.59048809e+05
 -2.86015111e+05 -3.22899324e+05 -2.85668970e+05 -1.38303533e+05
 -2.51536209e+05 -1.50015443e+05 -9.23270681e+03 -2.09627713e+04
 -9.56589161e+02 -2.43006898e+02 -5.67884879e+04 -2.82258205e+05
 -3.92619159e+05 -2.44569229e+05 -2.63600223e+05 -3.24413704e+05
 -1.62640766e+05 -1.65956475e+05 -3.51140426e+04 -2.13756404e+04
 -6.07618627e+02 -3.14129362e+02 -1.31474127e+01 -6.33057579e+04
 -7.17590656e+04 -2.83858459e+05 -3.62869027e+05             nan
             nan             nan -1.53635923e+04 -1.00981202e+05
 -1.12836467e+04 -4.26022817e+03 -2.85867773e+02 -1.18201348e+01
  5.78051012e-01]
beta_max: [2.35650865e+04 4.99498450e+04 1.59893844e+04 1.14328568e+05
 1.78460214e+05 1.29355415e+05 1.02177519e+05 2.51573610e+05
 2.00583744e+05 1.55273993e+05 1.98705367e+05 2.70662064e+05
 1.93680341e+05 2.31667556e+05 2.43206454e+05 2.32504287e+05
 3.95959042e+05 2.32278687e+05 4.19235840e+04 2.43300008e+05
 1.35518827e+05 3.35006164e+05 3.23078529e+05 2.43800094e+05
 1.70630907e+05 2.10483279e+05 2.92113446e+05 2.16755182e+05
 2.06352001e+05 3.36590875e+05 3.82804880e+05 2.86465808e+05
 2.33542929e+05 2.13716173e+05 1.70714795e+05 1.44185325e+05
 2.98525438e+05 4.05734078e+05 1.89229808e+05 1.70159976e+05
 2.32393310e+05 2.39068522e+05 2.55940629e+05 1.06635713e+05
 5.31288103e+04 1.88484609e+05 2.68833429e+05 2.88409316e+05
 2.85375916e+03 3.13718085e+05 2.06788865e+05 2.52416964e+05
 7.72675879e+04 5.58032362e+04 1.99358670e+04 1.73406209e+05
 7.00397176e+04 3.87368588e+05 2.73159385e+05 6.66858187e+04
 1.91052005e+05 3.03264032e+05 3.55932016e+04 6.85951320e+04
 8.10810621e+03 2.41291234e+03 5.06393180e+04 3.87355022e+05
 2.13563616e+05 2.02106367e+05 2.11480731e+05 3.86686168e+05
 1.66196354e+05 7.23391161e+04 7.70417484e+04 1.64639960e+03
 3.20433977e+03 3.23625351e+02 9.07999719e+04 2.26345649e+05
 3.34395118e+05 3.92949590e+05 2.43441464e+05 2.00113673e+05
 2.82042352e+05 9.83177768e+04 7.16973060e+04 6.31457044e+03
 3.74883225e+03 8.82409662e+01 1.18202477e+01 1.08563525e+04
 2.21005512e+05 2.19418630e+05 1.60513406e+05            nan
            nan            nan 1.98981985e+05 2.69462337e+04
 2.75082664e+04 2.46967759e+03 3.46433825e+02 1.48074674e+01
 9.63114134e-01]
