beta_ridge: [  8.88450174   1.37175918  -3.12443705  -4.87782604   0.60751866
  -9.54650207  -0.4564157   -3.38711609   2.20823241  -8.30250452
  -1.79780366   2.37221392  -0.9131647    4.7705502    0.45660852
  -3.44112031   3.46153706   3.79282586   0.43610533   4.49973678
  11.33458469  -1.67403458   4.16427716   4.16729427   0.41384894
  -1.90097291  -3.70014117  11.54954146   1.40700153   4.48668399
   2.50197608  -3.2261487   -7.69535969  -3.97080388 -16.1583103
  -8.96821352  -1.52597577   0.52129621  -0.75476906  -4.53277496
  -7.24173174  -1.02975487  21.99482122   7.65329235  -5.27476821
  -1.63592143   1.64130309   3.13627212   2.62033384   0.14990528
  -3.48701857  -5.11141244   4.83184906  -3.84093186   2.51193636
   9.38798493  -0.80154136  -8.03796258  -9.67625992  -4.01407478
   6.94123945  13.60925478   1.22172231 -13.32034351   4.12438373
   0.59066779]
beta_min: [ -0.43804659  -9.71997278 -17.43482964 -17.79604892 -13.86153161
 -23.93152206 -14.56606273 -18.3848328  -12.59961442 -22.47586175
 -16.2337864  -13.32021057 -16.04598384  -9.83259469 -13.73690329
 -17.97938701 -12.43424615 -11.87517543 -14.58779714  -9.91918535
  -2.35993172 -16.11001733 -11.73150606 -11.68085836 -15.0594599
 -16.76158463 -17.58557502  -1.43162825 -12.70264549 -11.2057405
 -13.1660252  -18.69945753 -22.79817336 -17.97329858 -28.81941445
 -19.37318236 -14.44419865 -14.4764205  -15.8875882  -19.55667743
 -22.10234346 -15.03224957   9.68996557  -1.31927536  -9.91853813
 -12.72765339 -12.82774718 -11.67157471 -11.98281105 -14.26901684
 -17.37245243 -17.77251659  -4.14071865  -7.73025692   1.53797407
   0.0654366  -15.11193395 -22.42298257 -23.84961714 -18.20758659
  -6.75327696   0.62808507  -9.18324653 -17.96411343   3.15042144
   0.5024862 ]
beta_max: [18.20705007 12.46349114 11.18595554  8.04039684 15.07656893  4.83851792
 13.65323132 11.61060063 17.01607924  5.8708527  12.63817908 18.0646384
 14.21965444 19.37369509 14.65012034 11.09714639 19.35732028 19.46082714
 15.4600078  18.91865891 25.0291011  12.76194816 20.06006037 20.0154469
 15.88715777 12.95963881 10.18529269 24.53071116 15.51664856 20.17910848
 18.16997737 12.24716014  7.40745398 10.03169083 -3.49720614  1.43675531
 11.39224711 15.51901293 14.37805008 10.49112751  7.61887999 12.97273984
 34.29967686 16.62586006 -0.63099829  9.45581053 16.11035337 17.94411896
 17.22347874 14.56882741 10.39841528  7.54969171 13.80441677  0.04839319
  3.48589866 18.71053326 13.50885123  6.34705741  4.4970973  10.17943704
 20.63575585 26.59042448 11.62669115 -8.67657358  5.09834603  0.67884938]
