beta_lin: [  34.21071988  -27.77059713 -106.59471897  -17.69145736  102.85082298
  112.11085101   27.24407169  -10.5717792  -108.70108986  -39.0157952
   37.08933481 -103.83188775   77.23570166   30.75991521   -4.03142228
   18.68259609  -62.71089878   74.07525375  -34.73689569   -1.43066232
    2.99895192   77.63092427 -240.14712957  267.71320629 -123.27200149
   16.10142438    1.50050713    0.60383258]
beta_min: [  27.65110671  -33.4612313  -126.34777891  -23.22332828   87.67189113
   88.76294657   21.74838041  -24.3018165  -125.75433679  -52.73103215
   31.55746389 -117.56192506   61.35805295   20.67803396   -8.20202966
   12.99196191  -77.88983066   57.02200679  -44.81877695   -4.69299304
    2.37866237   71.07131102 -259.90018977  244.36530152 -136.98723862
   11.93081695    0.88021757    0.5632127 ]
beta_max: [ 4.07703330e+01 -2.20799630e+01 -8.68416590e+01 -1.21595865e+01
  1.18029755e+02  1.35458755e+02  3.27397630e+01  3.15825811e+00
 -9.16478429e+01 -2.53005583e+01  4.26212057e+01 -9.01018504e+01
  9.31133504e+01  4.08417965e+01  1.39185111e-01  2.43732303e+01
 -4.75319669e+01  9.11285007e+01 -2.46550144e+01  1.83166841e+00
  3.61924147e+00  8.41905375e+01 -2.20394069e+02  2.91061111e+02
 -1.09556764e+02  2.02720318e+01  2.12079668e+00  6.44452456e-01]
