beta_lin: [-1.35852754e+03  2.71430781e+04 -1.25355734e+04 -9.83626467e+04
 -4.15929946e+04  7.40469094e+04  1.41768537e+05  2.53568272e+05
 -7.11935453e+04 -1.57984575e+05 -8.48116918e+04 -4.47750061e+05
 -1.17507530e+05  2.03522826e+05  1.85928487e+05 -3.23142676e+04
  4.14406563e+05  3.74013587e+05 -1.82700538e+05 -1.69479989e+05
 -1.37560524e+05  1.16944899e+05 -2.24755762e+05 -4.56442263e+05
  7.63792318e+04  1.77817290e+05  6.36340912e+04  6.67839244e+04
 -6.43937840e+04 -1.35561553e+05  5.72664220e+05 -5.41977434e+04
 -2.01178345e+05  4.15636970e+03 -2.22547775e+04 -2.05301212e+04
 -3.32506982e+04  2.97855795e+05 -3.75426481e+05 -1.12737097e+05
  1.58913264e+05  8.74098489e+04 -6.44836317e+04  1.71641375e+04
  3.28394564e+03  6.80979264e+04 -2.43044721e+05  1.74165374e+05
  1.23869375e+05 -1.21721379e+05  1.67264682e+04 -4.15040400e+04
  3.53404854e+04 -8.78524569e+03 -1.56042792e+00 -3.27560683e+04
  7.22221182e+04  2.47799075e+04 -1.53504785e+05  1.01724601e+05
 -3.22455922e+02 -2.33965861e+04  1.84547508e+04 -9.34151790e+03
  2.04045585e+03 -8.31148913e+01  1.64030025e+04 -4.58599094e+04
  2.64245504e+04  3.98500962e+04 -7.04084487e+04  5.29963295e+04
 -2.89166073e+04  1.32489414e+04 -4.83413207e+03  1.27515925e+03
 -1.89164522e+02  9.61873183e+00 -6.41424779e+03  2.76901055e+04
 -4.99330070e+04  5.01560454e+04 -3.32827503e+04  1.80857768e+04
 -9.39287172e+03  4.14110451e+03 -1.26548298e+03  2.50350940e+02
 -4.10938155e+01  5.61661663e+00  5.62572686e-01]
beta_min: [-5.42237014e+03  8.85980825e+03 -2.63796083e+04 -1.42862547e+05
 -1.00143414e+05  3.55163626e+04  7.69496701e+04  1.27754139e+05
 -1.52395063e+05 -2.52219861e+05 -1.32510105e+05 -6.55181108e+05
 -2.19967339e+05  1.06589594e+05  5.09084290e+04 -7.36914060e+04
  2.02380012e+05  1.80513315e+05 -2.60847316e+05 -2.70807733e+05
 -2.59472102e+05  5.31521371e+04 -3.38851490e+05 -7.24602069e+05
 -3.22323435e+04  7.63861004e+04 -1.81080384e+04 -6.88978865e+03
 -1.03652457e+05 -2.60376731e+05  2.75555326e+05 -1.76456451e+05
 -3.16087633e+05 -7.27420537e+04 -7.25396274e+04 -5.07098787e+04
 -8.34946597e+04  8.30649435e+04 -6.30029669e+05 -2.35436803e+05
  3.36056454e+04  1.08976294e+04 -1.11175095e+05 -4.12376702e+03
 -4.89746529e+03  3.05626456e+03 -4.44894129e+05 -1.77430868e+03
  3.33728822e+04 -2.19075983e+05 -5.47763435e+04 -8.77542804e+04
  1.55708159e+04 -1.46429214e+04 -1.39321681e+03 -7.75386286e+04
 -5.76272071e+04 -1.04576389e+05 -2.56742246e+05  2.10843150e+04
 -5.44568985e+04 -6.37462303e+04 -5.92261792e+02 -1.48585426e+04
  1.03027136e+03 -2.19315674e+02 -3.20223224e+03 -1.08325287e+05
 -3.71701527e+04             nan             nan  8.16421768e+03
 -7.00815825e+04 -6.10225808e+03 -1.04177399e+04  2.82411019e+02
 -2.92785269e+02  2.95177373e+00 -1.86982626e+04 -2.96945185e+04
 -1.63903434e+05 -8.38833013e+04 -1.61187013e+05 -9.32639484e+04
 -8.08990668e+04 -2.62844957e+04 -9.57554082e+03 -1.15128134e+03
 -1.76823650e+02 -1.00599239e+00  4.21908895e-01]
beta_max: [ 2.70531506e+03  4.54263479e+04  1.30846143e+03 -5.38627463e+04
  1.69574253e+04  1.12577456e+05  2.06587403e+05  3.79382406e+05
  1.00079722e+04 -6.37492885e+04 -3.71132784e+04 -2.40319014e+05
 -1.50477212e+04  3.00456058e+05  3.20948546e+05  9.06287086e+03
  6.26433114e+05  5.67513859e+05 -1.04553761e+05 -6.81522447e+04
 -1.56489463e+04  1.80737660e+05 -1.10660034e+05 -1.88282457e+05
  1.84990807e+05  2.79248479e+05  1.45376221e+05  1.40457637e+05
 -2.51351105e+04 -1.07463743e+04  8.69773114e+05  6.80609638e+04
 -8.62690573e+04  8.10547932e+04  2.80300725e+04  9.64963630e+03
  1.69932633e+04  5.12646646e+05 -1.20823292e+05  9.96260851e+03
  2.84220882e+05  1.63922068e+05 -1.77921686e+04  3.84520420e+04
  1.14653566e+04  1.33139588e+05 -4.11953135e+04  3.50105056e+05
  2.14365868e+05 -2.43667748e+04  8.82292799e+04  4.74620038e+03
  5.51101548e+04 -2.92756997e+03  1.39009595e+03  1.20264921e+04
  2.02071443e+05  1.54136204e+05 -5.02673247e+04  1.82364888e+05
  5.38119866e+04  1.69530581e+04  3.75017634e+04 -3.82449318e+03
  3.05064034e+03  5.30858912e+01  3.60082372e+04  1.66054679e+04
  9.00192535e+04             nan             nan  9.78284413e+04
  1.22483679e+04  3.26001408e+04  7.49475789e+02  2.26790748e+03
 -8.55437739e+01  1.62856899e+01  5.86976705e+03  8.50747294e+04
  6.40374196e+04  1.84195392e+05  9.46215119e+04  1.29435502e+05
  6.21133233e+04  3.45667047e+04  7.04457486e+03  1.65198322e+03
  9.46360186e+01  1.22392257e+01  7.03236476e-01]
