beta_lin: [-2.72268234e-02 -1.38328397e+00  6.44554694e+00  9.05825121e-01
 -5.38712608e-01 -8.40931490e+00 -7.23402171e+00  1.01369178e+01
 -1.87672896e+00  2.02327235e+00 -1.22993622e+01  2.81989797e+01
 -2.09752115e+01  4.24371887e+00  7.31238653e-01]
beta_min: [ -4.85627806  -5.26598725  -2.49047168  -2.80629609  -6.82508456
 -14.07222757 -11.116725     3.85054588  -5.99179442   0.58406122
 -17.12841341  19.26296111 -26.63812416   2.80450773   0.58629759]
beta_max: [  4.80182441   2.49941931  15.38156555   4.61794633   5.74765934
  -2.74640223  -3.35131843  16.42328979   2.23833649   3.46248349
  -7.47031095  37.13499834 -15.31229882   5.68293001   0.87617971]
