beta_ridge: [ -0.68684562  -1.78442816 -10.57818682  -3.17302344  21.91034338
  18.79226885   7.44580697 -13.17189793 -27.08927725  -2.60241991
   9.11455655 -18.81998064  20.38695361   9.35752518  -8.38722614
   8.14210919 -12.5050862   -7.96366544  15.62759087  -6.99622485
   3.02864126   6.84931751 -26.45497103  21.79441213  11.35944573
 -19.10780633   5.03849812   0.55686563]
beta_min: [ -4.77987668  -7.08134616 -21.2432899   -9.32550299  10.79379307
   7.13907601   1.0419748  -23.91266395 -37.81743754  -9.90031804
   2.962077   -29.56074666  10.09458237   3.09909324 -11.11751757
   2.8451912  -23.62163651 -18.69182572   9.36915894  -9.28351418
   2.48884656   2.75628645 -37.12007413  10.14121927   4.0615476
 -21.83809775   4.49870342   0.50820395]
beta_max: [  3.40618543   3.51248984   0.08691627   2.97945611  33.02689369
  30.44546169  13.84963913  -2.43113191 -16.36111697   4.69547821
  15.2670361   -8.07921462  30.67932485  15.61595712  -5.65693472
  13.43902719  -1.38853589   2.76449484  21.88602281  -4.70893553
   3.56843597  10.94234857 -15.78986792  33.44760499  18.65734386
 -16.3775149    5.57829283   0.6055273 ]
