beta_lin: [  59.61323873  -24.66400117 -185.84472585  -30.4128616   106.32010441
  204.21966622   77.53764718  -57.74242003  -97.43742409  -89.42842127
   23.0260052  -151.02285207  151.60293799    6.14887581    9.83430643
   23.74677388  -57.92600438   82.10618922  -58.76123264    8.60508397
    1.09683843   82.90120422 -253.56820474  276.95487886 -124.75858236
   16.80161647    0.93413684    0.67146681]
beta_min: [  25.03374543  -53.49526317 -285.93846785  -57.78682238   32.55409184
   91.30633583   50.55449293 -122.93767246 -176.18514278 -152.0509182
   -4.34795553 -216.21810437   79.50000482  -37.69122428   -7.82076569
   -5.08448813 -131.69201693    3.35847066 -102.60133263   -4.62391623
   -1.25847511   48.32171107 -353.6619463   164.04154893 -187.38107907
   -0.85345561   -1.42117669    0.53788508]
beta_max: [  94.19273203    4.16726083  -85.75098385   -3.03890082  180.08611699
  317.13299662  104.52080142    7.4528324   -18.6897054   -26.80592435
   50.39996594  -85.82759977  223.70587117   49.98897589   27.48937855
   52.57803589   15.84000817  160.85390779  -14.92113266   21.83408417
    3.45215197  117.48069737 -153.47446319  389.86820879  -62.13608564
   34.45668854    3.28945038    0.80504853]
