beta_lin: [-18.73532654  16.60405229  34.90748188  -5.14341831 -29.62682323
 -13.3462866   10.06244163  -7.20650907  20.32862523  -6.464889
  20.246968   -55.1590929   45.178892   -14.99356218   3.38733363
  -0.33539943 -20.0576724   45.94356987 -33.75513672   7.78907315
   0.42069558]
beta_min: [-20.37798898  15.17601506  30.76036006  -6.5362032  -32.79310688
 -17.27766446   8.66965675 -10.15272743  17.41501669  -8.19745375
  18.81893077 -58.32537655  42.26528346 -16.34671203   3.03211221
  -1.97806188 -24.20479423  42.01219201 -35.48770146   7.43385173
   0.38930052]
beta_max: [-17.09266409  18.03208953  39.0546037   -3.75063343 -26.46053957
  -9.41490874  11.45522651  -4.26029071  23.24223376  -4.73232426
  21.67500523 -51.99280925  48.09250054 -13.64041233   3.74255505
   1.30726302 -15.91055058  49.87494773 -32.02257198   8.14429456
   0.45209063]
