beta_lin: [  41.95867516  -33.95150674 -121.77618398  -16.45213978  115.49255229
  120.24001548   24.23119889  -11.56404236 -115.11061492  -39.39280968
   22.27316156  -69.32778702   56.1764348    35.18322211   -4.52785355
   18.07200538  -48.94665289   46.41073911  -17.2614543    -4.75643598
    3.12340077   66.09216201 -206.65160968  231.43513868 -105.32033198
   12.32197463    1.65895747    0.61626265]
beta_min: [  28.65799963  -45.42920469 -161.42117917  -27.57427431   85.19747805
   73.93829984   13.19347415  -38.88221125 -148.72610024  -66.19807371
   11.15102705  -96.64595587   24.94505051   15.59785093  -12.52720652
    6.59430745  -79.24172707   12.79525389  -36.84682544  -10.98286101
    1.96433631   52.79148625 -246.29660558  185.13342226 -132.12559638
    4.3226216     0.499893      0.54299321]
beta_max: [  55.25935069  -22.4738088   -82.13118878   -5.33000526  145.78762653
  166.54173111   35.26892363   15.75412652  -81.49512959  -12.58754565
   33.39529607  -42.00961817   87.40781909   54.7685933     3.47149941
   29.54970331  -18.65157872   80.02622433    2.32391683    1.46998904
    4.28246523   79.39283778 -167.00661379  277.73685509  -78.51506757
   20.32132766    2.81802193    0.6895321 ]
