beta_ridge: [ -7.5440583   -0.69320877   0.30193033   8.55264337  -2.50156455
   5.69321659  -0.08566962   3.73733424  -2.88807012   7.79505787
  -0.35392377  -3.37750573   0.44952508  -2.21664179   6.14853403
   2.10683631  -2.24214336  -4.8200862   -1.41088372  -0.84990686
   1.09315388   3.71683221   0.12502366  -2.26896253  -4.43748642
  -2.02609024   0.94080592  -5.73598807   3.50937977   0.58399391
  -0.20446423  -0.51739196  -2.50684202  -1.70894206   3.01644423
 -11.08849214   1.6275259   -0.91070762  -0.93443144   1.01362375
   2.52287917   0.24084648  -1.01694089   5.2061014  -10.58879711
  -1.06389766  -3.13799297  -3.10703246  -0.72230467   3.22055592
   5.67631828   2.36714188  -0.90820058   6.70528903  -1.20683862
  -2.9518472   -4.14450348  -4.09564091  -2.47509353   0.88268521
   5.08380886   6.83699249   1.68156496  -2.60852912   5.05469476
  13.13178093  -2.38397972  -2.07725769  -1.46860593  -0.63930586
   0.58075268   2.39774695   4.21874554   3.32915179  -3.59384587
  -5.85503116  -3.58912767  15.48434517  -0.61884356   1.72608711
   3.70743686   4.6716213    4.25488069   2.60584839   0.37334199
  -1.93521485  -5.17018116  -9.91289982  -2.43573608 -15.71406577
 -10.85541019  -4.12071183  -0.16688369   3.39158731   5.51783744
   5.34781215   2.57462008  -2.1145635   -6.84068399  -9.13034311
  -7.46739365  -0.05744418  29.70497446   4.18419388  -5.69112312
  -4.18864036  -2.00536251   0.51375629   2.43105931   2.90181894
   1.53064186  -1.16743628  -3.4359434   -2.72013391   1.95461327
   5.26687643  -3.43882328   0.09838284  -3.00033924   2.85595626
  -3.63419807  -0.33994446   3.08422826   5.36515194   5.28043307
   2.10936381  -3.69345971  -9.74975676 -11.51314383  -3.97573386
  12.20842803  19.85690651  -9.71092077  -9.54069149   3.95924501
   0.55010589]
beta_min: [-18.23126161 -13.1446342  -15.07879827  -5.69808518 -18.03406049
 -10.26456401 -15.54072553 -12.34293782 -19.12395431  -7.99729634
 -16.28584747 -20.17748342 -16.0599878  -18.48034264  -9.6798233
 -14.04519265 -19.349662   -21.85869222 -17.98494791 -17.07785218
 -14.87579717 -12.5513819  -17.10033467 -19.57485017 -21.43608256
 -18.64643245 -15.2714223  -21.6235925  -12.81362522 -16.70282013
 -17.59635573 -17.78527386 -19.49013263 -18.33498184 -13.09706005
 -26.68753564 -14.69547909 -18.22162091 -18.37154428 -16.32420346
 -14.73922121 -16.74244515 -17.51203858 -10.70100671 -25.94601
 -17.33211177 -20.42480701 -20.5441453  -18.08338147 -14.07691344
 -11.57023834 -14.51897553 -17.15302442  -8.92765698 -16.23205145
 -19.10387617 -21.3698618  -21.48753241 -19.81292075 -16.41478416
 -12.15448415 -10.26466701 -14.97489743 -18.56002481 -10.13318536
  -1.08875631 -18.31590342 -19.18477633 -18.77449356 -17.90718775
 -16.6813477  -14.84880966 -12.88291397 -13.53381847 -19.97122758
 -21.39473974 -18.01454801   2.00726369 -16.07389947 -15.07389059
 -13.33116916 -12.32697484 -12.72840992 -14.37744324 -16.51277541
 -18.59167725 -21.54756287 -25.60797621 -16.77440585 -28.49777349
 -20.41747039 -18.37144039 -16.24715575 -13.11792557 -11.05622675
 -11.27253006 -14.05141969 -18.60966119 -23.08550783 -25.0818388
 -23.00710224 -14.39611396  17.359348    -3.99906793  -9.36140825
 -16.64006578 -17.53785846 -15.72212791 -13.83264154 -13.32612638
 -14.68158635 -17.28094056 -19.34305151 -18.35307992 -13.23326684
  -9.15854391 -16.222531    -8.08487896  -6.08125427   2.17843156
 -14.32140138 -15.72067306 -12.87355234 -10.42720226 -10.54792425
 -13.85958724 -19.58106414 -25.34880026 -26.8703567  -19.00094669
  -2.01210923   6.37982504 -19.27298095 -13.21097662   3.28172032
   0.49541394]
beta_max: [ 3.14314501 11.75821665 15.68265892 22.80337193 13.0309314  21.65099719
 15.36938629 19.81760631 13.34781408 23.58741208 15.57799993 13.42247196
 16.95903796 14.04705906 21.97689135 18.25886527 14.86537527 12.21851983
 15.16318047 15.37803846 17.06210493 19.98504632 17.35038198 15.0369251
 12.56110971 14.59425197 17.15303413 10.15161635 19.83238476 17.87080795
 17.18742727 16.75048993 14.47644859 14.91709771 19.12994851  4.51055136
 17.95053089 16.40020566 16.5026814  18.35145097 19.78497955 17.22413811
 15.47815681 21.11320951  4.76841577 15.20431645 14.14882107 14.33008038
 16.63877214 20.51802528 22.92287489 19.25325929 15.33662326 22.33823503
 13.81837421 13.20018176 13.08085485 13.29625059 14.86273369 18.18015457
 22.32210186 23.93865199 18.33802735 13.34296658 20.24257488 27.35231816
 13.54794398 15.03026094 15.8372817  16.62857604 17.84285306 19.64430357
 21.32040504 20.19212204 12.78353584  9.68467743 10.83629268 28.96142664
 14.83621235 18.5260648  20.74604288 21.67021743 21.2381713  19.58914002
 17.2594594  14.72124754 11.20720056  5.78217657 11.9029337  -2.93035804
 -1.29335    10.13001673 15.91338838 19.90110019 22.09190163 21.96815436
 19.20065986 14.3805342   9.40413986  6.82115258  8.07231494 14.28122559
 42.05060091 12.36745568 -2.02083799  8.26278507 13.52713343 16.74964048
 18.69476016 19.12976426 17.74287008 14.946068   12.47116471 12.9128121
 17.14249339 19.69229677  9.34488445  8.28164464  0.0805758   3.53348095
  7.05300524 15.04078413 19.04200885 21.15750615 21.10879039 18.07831485
 12.19414471  5.84928675  3.84406905 11.04947896 26.42896529 33.33398798
 -0.14886058 -5.87040636  4.63676971  0.60479784]
