beta_lin: [ 5.49380342e+02  7.29187860e+02 -3.05376362e+03  8.91693326e+02
 -3.62489957e+03  7.04309143e+03  8.20564858e+02 -4.21592878e+03
  7.53874644e+03 -8.71482464e+03  1.20109704e+03 -4.61511755e+03
  8.80079084e+03 -8.64209903e+03  6.24672721e+03 -1.80262582e+02
 -2.10818597e+03  6.82337470e+03 -8.89346680e+03  5.77684716e+03
 -2.61265538e+03  9.73932225e+02 -2.74582138e+03  4.48594368e+03
 -5.37356891e+03  4.42162910e+03 -2.10944613e+03  6.13229142e+02
  4.83857665e+01 -1.76668473e+03  5.00995584e+03 -5.70992617e+03
  3.27372379e+03 -1.14246330e+03  3.35903142e+02 -7.58116893e+01
 -5.97375153e+02  2.12271775e+03 -2.34120422e+03  1.78918209e+02
  1.31400620e+03 -8.29084635e+02  1.59031633e+02 -1.05090745e+01
  4.33621544e+00  6.29065681e+02 -2.55861939e+03  4.30965006e+03
 -3.85650161e+03  1.92371450e+03 -4.91398084e+02  4.39274205e+01
 -1.46576949e+00  1.10921417e+00  7.05172954e-01]
beta_min: [-3.30605174e+02 -2.17941325e+01 -6.95785239e+03  1.71947415e+02
 -6.65771246e+03 -2.96628191e+02  1.14789914e+02 -6.89969959e+03
  2.19550693e+03 -1.63326834e+04  5.01242840e+02 -7.10870148e+03
  4.15969831e+03 -1.39890763e+04  1.48223108e+03 -8.80123698e+02
 -4.53937053e+03  2.45199808e+03 -1.35898635e+04  2.47259965e+03
 -4.45136115e+03  2.68148366e+02 -5.23946628e+03  1.14465092e+02
 -9.90786024e+03  1.45074403e+03 -3.39498366e+03  1.82822203e+02
 -6.71375797e+02 -4.45055374e+03  3.68643847e+02 -1.04065582e+04
  3.02727072e+02 -2.34010916e+03  2.63188488e+01 -1.33427725e+02
 -1.34840081e+03 -9.10313547e+02 -7.68489412e+03 -5.16855266e+03
 -1.99054938e+03 -2.11472966e+03 -1.50570085e+02 -5.48444421e+01
  4.13434295e-01 -2.51004048e+02 -6.46321909e+03 -3.03133140e+03
 -1.14760129e+04 -2.84202594e+03 -2.33064703e+03 -3.86610336e+02
 -5.90970122e+01 -2.81416914e+00  5.87156437e-01]
beta_max: [ 1.42936586e+03  1.48016985e+03  8.50325148e+02  1.61143924e+03
 -5.92086686e+02  1.43828110e+04  1.52633980e+03 -1.53215797e+03
  1.28819860e+04 -1.09696584e+03  1.90095123e+03 -2.12153362e+03
  1.34418834e+04 -3.29512177e+03  1.10112233e+04  5.19598535e+02
  3.22998591e+02  1.11947513e+04 -4.19707013e+03  9.08109468e+03
 -7.73949621e+02  1.67971608e+03 -2.52176479e+02  8.85742228e+03
 -8.39277570e+02  7.39251418e+03 -8.23908608e+02  1.04363608e+03
  7.68147330e+02  9.17184269e+02  9.65126783e+03 -1.01329410e+03
  6.24472051e+03  5.51825549e+01  6.45487436e+02 -1.81956539e+01
  1.53650501e+02  5.15574904e+03  3.00248567e+03  5.52638908e+03
  4.61856177e+03  4.56560389e+02  4.68633351e+02  3.38262931e+01
  8.25899659e+00  1.50913541e+03  1.34598032e+03  1.16506315e+04
  3.76300967e+03  6.68945495e+03  1.34785086e+03  4.74465177e+02
  5.61654732e+01  5.03259747e+00  8.23189472e-01]
