beta_lin: [-2.91663385e+00 -2.15641089e+00  1.16037280e+01  1.48645260e-02
  1.62047925e+00 -1.18771272e+01 -5.16054283e+00  8.02051370e+00
 -2.20861680e+00  2.96385316e+00 -1.05583256e+01  2.44712854e+01
 -1.86736991e+01  3.99011536e+00  6.47598181e-01]
beta_min: [ -3.74479967  -2.8771205    9.92957875  -0.69214905   0.3415092
 -13.06796367  -5.88125244   6.74154366  -3.13879223   2.60881059
 -11.38649143  22.79713619 -19.86453554   3.6350728    0.60395134]
beta_max: [ -2.08846804  -1.43570128  13.27787723   0.7218781    2.8994493
 -10.68629075  -4.43983322   9.29948375  -1.27844137   3.31889573
  -9.73015979  26.14543466 -17.48286262   4.34515793   0.69124502]
