beta_lin: [-16.30545395  17.06594205  28.63207707  -5.14968773 -30.70396117
  -7.32407332  10.68976516  -8.23487426  21.66612859  -9.13140094
  19.68542533 -54.98276618  45.94646566 -15.7549801    3.93100984
   1.32829122 -23.83020372  49.16718462 -35.08283435   8.08274953
   0.37236049]
beta_min: [-16.46927318  16.92335742  28.21475108  -5.28883525 -31.02298009
  -7.72395906  10.55061764  -8.53185854  21.3694796   -9.30999739
  19.5428407  -55.3017851   45.64981667 -15.8945096    3.89374254
   1.16447198 -24.24752971  48.76729888 -35.26143079   8.04548222
   0.36898739]
beta_max: [-16.14163471  17.20852669  29.04940306  -5.01054022 -30.38494225
  -6.92418759  10.82891268  -7.93788998  21.96277759  -8.9528045
  19.82800997 -54.66374726  46.24311466 -15.61545061   3.96827715
   1.49211045 -23.41287773  49.56707035 -34.9042379    8.12001683
   0.37573359]
