beta_ridge: [ 12.93945924 -10.8597891  -10.07186753  -6.44752271  10.80224277
 -21.55527916  -1.62793477   3.04074488  19.71309998   3.21972805
 -16.37579465  28.76809893  -9.91379372   1.90466048  33.1875482
  -6.60388226  21.58032617   2.10589096 -24.00546428 -34.97420366
 -13.89698961  16.28225521   6.58882047 -32.70766838 -26.44053552
  50.15660995  14.934183    -7.52003734 -15.9337499   15.88094046
   3.27070285  -5.26175596   2.42421388  -0.13286121  -5.90052415
   3.41598014  22.75023817 -16.66372947 -33.55672855   4.37998269
  48.21773213 -20.56809831  -9.16898253   4.29812135   0.51730592]
beta_min: [  7.75905371 -17.5855221  -22.71729418 -15.08768771  -2.54120165
 -34.60030585 -12.408286   -10.73382493   6.42996032  -9.75973441
 -28.18382457  14.60004549 -23.50788746 -11.17292758  21.3795776
 -17.38423349   7.41227274 -11.45760136 -36.66158378 -45.71339218
 -20.86821347   7.64209021  -7.18574934 -46.30176212 -39.09665502
  39.84415865   9.09100202  -9.88545901 -22.65948289   2.53749603
 -10.0124368  -18.33934402  -8.31497465  -5.97604219  -7.86220434
   3.00803943  17.56983265 -29.30915609 -46.60175531  -8.59947984
  36.40976154 -27.53932217 -11.5344042    3.89018064   0.48570757]
beta_max: [ 18.11986478  -4.13405611   2.57355912   2.19264229  24.14568719
  -8.51025247   9.15241646  16.81531468  32.99623964  16.19919051
  -4.56776473  42.93615236   3.68030002  14.98224855  44.99551879
   4.17646897  35.74837961  15.66938328 -11.34934478 -24.23501514
  -6.92576576  24.92242022  20.36339027 -19.11357464 -13.78441602
  60.46906125  20.77736398  -5.15461566  -9.2080169   29.22438489
  16.55384251   7.8158321   13.1634024    5.71031977  -3.93884396
   3.82392085  27.93064369  -4.01830285 -20.51170179  17.35944521
  60.02570272 -13.59687446  -6.80356085   4.70606206   0.54890426]
