beta_ridge: [ -3.48556062  -1.84739119  12.55290711   0.13045675   1.16057776
 -12.45604809  -5.15449512   7.98587258  -2.09688168   3.1516734
 -10.64741906  24.81376429 -19.03439578   4.12206236   0.61203765]
beta_min: [-3.63781688e+00 -1.98029068e+00  1.22401241e+01 -4.46498765e-05
  9.20898545e-01 -1.26829950e+01 -5.28739461e+00  7.74619336e+00
 -2.27449577e+00  3.08225584e+00 -1.07996753e+01  2.45009813e+01
 -1.92613427e+01  4.05264480e+00  6.03215054e-01]
beta_max: [ -3.33330436  -1.7144917   12.86569008   0.26095816   1.40025698
 -12.22910116  -5.02159563   8.2255518   -1.91926759   3.22109097
 -10.4951628   25.12654726 -18.80744885   4.19147993   0.62086024]
