beta_lin: [-16.63463465  16.73310028  29.59840256  -5.4530931  -29.74960041
  -8.37282296  10.24793891  -7.03394615  20.45020378  -8.59210946
  19.34441064 -53.89799303  44.64051036 -15.06060394   3.79624894
   1.58246213 -24.22729992  49.18982945 -34.86804391   7.97829929
   0.38291402]
beta_min: [-17.290182    16.16262912  27.9333877   -6.0097625  -31.02216489
  -9.96260654   9.69126951  -8.21853398  19.27093019  -9.29902678
  18.77393948 -55.17055751  43.46123677 -15.61295777   3.64958598
   0.92691479 -25.89231478  47.60004587 -35.57496123   7.83163632
   0.36974309]
beta_max: [-15.97908731  17.30357144  31.26341742  -4.89642371 -28.47703593
  -6.78303938  10.80460831  -5.84935833  21.62947737  -7.88519215
  19.9148818  -52.62542855  45.81978395 -14.50825011   3.94291191
   2.23800948 -22.56228506  50.77961303 -34.1611266    8.12496225
   0.39608494]
