beta_lin: [-2.32059829e+02 -2.94868890e+02  6.93114677e+02 -3.38942368e+02
  9.02076964e+02 -6.31553805e+02  2.94580308e+02  4.22088960e+02
 -8.65889428e+02 -6.82811602e+01  4.73275656e+01 -7.58543488e+02
  2.19758823e+02  1.80064266e+02  4.63588396e+02 -1.08603073e+03
  2.16311082e+03 -7.91597949e+02 -1.97386898e+02  1.44225993e+02
 -2.84627630e+02  1.06262203e+03 -1.36774975e+03 -8.31809069e+01
  3.10749541e+02  1.48069156e+02 -1.03957502e+02  6.30253044e+01
 -1.40568368e+03  3.58350705e+03 -3.70903457e+03  2.04029346e+03
 -5.45548938e+02  6.83722770e-01  2.38334803e+01 -4.23864966e+00
 -6.57574080e+02  3.16011267e+03 -5.65235930e+03  4.90047422e+03
 -2.17738950e+03  4.72502835e+02 -4.48732939e+01  1.72357255e+00
  8.26140587e-01]
beta_min: [-4.34240268e+03 -2.44565861e+03 -1.41485512e+04 -1.86071230e+03
 -6.02065521e+03 -2.26836876e+04 -9.68160483e+02 -4.03676424e+03
 -1.01271254e+04 -1.74532750e+04 -1.14245547e+03 -4.32704841e+03
 -5.61567444e+03 -6.46728863e+03 -7.33808275e+03 -2.34877062e+03
 -1.40539171e+03 -5.82218558e+03 -4.53760951e+03 -2.60074689e+03
 -2.26121507e+03 -4.59146429e+02 -5.82659526e+03 -5.91860248e+03
 -4.02946664e+03 -1.85263701e+03 -7.55596648e+02 -1.96590475e+02
 -3.55649812e+03 -3.33931846e+03 -1.29704028e+04 -4.60714608e+03
 -3.29054786e+03 -6.50958438e+02 -6.59161594e+01 -1.80902648e+01
 -4.76789094e+03 -1.16815046e+04 -2.77045098e+04 -1.24846221e+04
 -9.97915487e+03 -1.50412187e+03 -3.04495540e+02 -1.21284110e+01
  6.32807134e-01]
beta_max: [3.87828303e+03 1.85592083e+03 1.55347806e+04 1.18282756e+03
 7.82480914e+03 2.14205800e+04 1.55732110e+03 4.88094216e+03
 8.39534652e+03 1.73167127e+04 1.23711060e+03 2.80996144e+03
 6.05519209e+03 6.82741716e+03 8.26525954e+03 1.76709169e+02
 5.73161334e+03 4.23898968e+03 4.14283571e+03 2.88919888e+03
 1.69195981e+03 2.58439049e+03 3.09109575e+03 5.75224066e+03
 4.65096572e+03 2.14877532e+03 5.47681643e+02 3.22641084e+02
 7.45130765e+02 1.05063326e+04 5.55233361e+03 8.68773300e+03
 2.19944999e+03 6.52325883e+02 1.13583120e+02 9.61296547e+00
 3.45274278e+03 1.80017299e+04 1.63997912e+04 2.22855705e+04
 5.62437588e+03 2.44912754e+03 2.14748952e+02 1.55755561e+01
 1.01947404e+00]
