beta_ridge: [ -9.54385384   2.59035323   8.10836109   1.79705943  -0.57145837
   9.8339009    1.18527353  -3.04134566  -6.80863409  -5.82486246
   2.42247329  -5.02620589   3.9950111    3.70141219  -4.73866071
   0.39994143  -3.26569249  -1.69209982   6.89643534  -2.1158757
   1.73131085  -5.80120061  -0.11082027   8.53086612   5.19349379
 -11.90675702   2.99920074   0.7579942 ]
beta_min: [-17.14602256  -6.23209814  -4.88282377  -8.91325562 -13.65934868
  -2.24739398 -10.49947602 -16.285153   -18.73309231 -16.72847267
  -8.28784177 -18.27001323  -7.57314159  -5.61240308 -10.043475
  -8.42250995 -16.3535828  -13.61655803  -2.41737993  -6.51370516
   0.52599723 -13.40336933 -13.10200513  -3.55042876  -5.71011642
 -17.21157131   1.79388711   0.6383126 ]
beta_max: [-1.94168512 11.4128046  21.09954594 12.50737449 12.51643194 21.91519579
 12.87002307 10.20246167  5.11582412  5.07874775 13.13278834  8.21760145
 15.5631638  13.01522746  0.56615358  9.2223928   9.82219782 10.2323584
 16.21025061  2.28195376  2.93662447  1.80096811 12.88036458 20.612161
 16.09710399 -6.60194273  4.20451436  0.8776758 ]
