beta_lin: [ 9.17328990e+03  1.00056982e+04 -4.27157683e+04  2.03392271e+04
 -7.52502051e+04  8.79985677e+04 -6.89753258e+04  8.68792693e+03
  1.81018754e+05 -1.05717057e+05 -2.81073738e+04  3.10824009e+05
 -2.35251782e+05 -1.85983864e+05  8.08207911e+04  4.93483374e+04
 -2.38209125e+04 -4.67858798e+05  4.66231970e+05  6.60590975e+04
 -3.92503467e+04  2.18813758e+04 -2.01594479e+05  2.77330975e+05
  2.22371805e+05 -3.76763363e+05  2.31849489e+04  1.09410558e+04
  2.89929110e+04 -1.57296744e+05  4.46715799e+05 -5.42386826e+05
  1.38295619e+05  1.17052790e+05 -2.42311552e+04 -1.09772200e+03
 -2.96011688e+04  5.77295934e+04  6.83293435e+04 -3.41104076e+05
  4.23067905e+05 -1.95074671e+05  1.06036558e+04  5.14394107e+03
 -2.02921291e+02 -1.14690137e+04  9.86702343e+04 -2.43578647e+05
  2.42668945e+05 -5.35979364e+04 -8.23456201e+04  6.17846270e+04
 -1.21640994e+04  1.23048450e+02  5.32150967e+01  3.73172226e+04
 -1.64440594e+05  2.82333643e+05 -2.29834790e+05  7.91762608e+04
 -1.62612199e+03 -1.54937953e+02 -4.03473690e+03  1.32505643e+03
 -6.68388335e+01 -2.68500525e+00 -2.46463382e+04  1.03210905e+05
 -1.73101201e+05  1.43212827e+05 -5.27207068e+04 -2.34799476e+03
  9.08173155e+03 -3.11248451e+03  4.53539552e+02 -3.47212461e+01
  1.84380415e+00  7.92533916e-01]
beta_min: [-1.51653647e+03 -4.95709011e+04 -9.75022605e+04 -3.01855548e+04
 -3.29610856e+05 -7.02359994e+04 -1.19660815e+05 -2.28439113e+05
 -2.67808514e+05 -3.81080099e+05 -6.02979415e+04  1.16512856e+05
 -7.33299710e+05 -6.18587615e+05 -2.07667489e+05  5.65407275e+03
 -1.68683247e+05 -7.57170121e+05 -1.07046185e+05 -2.13602926e+05
 -2.25891337e+05 -2.25109174e+04 -4.04275003e+05 -9.48495337e+04
 -5.58499618e+04 -7.41585194e+05 -1.27026375e+05 -6.45128931e+04
 -4.25549794e+03 -3.13019206e+05  5.48230703e+04 -1.06079662e+06
 -1.63737664e+05 -1.02441655e+04 -8.24014907e+04 -2.00280877e+04
 -7.55352987e+04 -1.18150815e+05 -2.12163517e+05 -6.69249901e+05
  8.11050686e+04 -3.90327369e+05 -3.41418999e+04 -7.70494620e+03
 -3.08409472e+03 -5.98398829e+04 -1.17085636e+05 -6.75679030e+05
 -2.40364447e+05 -3.64264287e+05 -2.13362767e+05  7.32397581e+03
 -2.57827828e+04 -1.61468686e+03 -1.98591730e+02 -1.50427713e+04
 -3.88130843e+05 -1.19944977e+05 -6.38545917e+05 -2.03244980e+05
 -1.51167468e+05 -5.53479243e+04 -1.65995404e+04 -5.84200938e+02
 -2.39807859e+02 -1.33905766e+01 -5.44522386e+04 -3.92637619e+04
 -4.73961992e+05 -2.31812404e+05 -3.61427316e+05 -1.76748096e+05
 -5.81015550e+04 -2.02247846e+04 -2.28700842e+03 -2.85989928e+02
 -9.03640882e+00  6.07483991e-01]
beta_max: [ 1.98631163e+04  6.95822975e+04  1.20707239e+04  7.08640091e+04
  1.79110446e+05  2.46233135e+05 -1.82898364e+04  2.45814967e+05
  6.29846021e+05  1.69645985e+05  4.08319382e+03  5.05135162e+05
  2.62796145e+05  2.46619887e+05  3.69309071e+05  9.30426021e+04
  1.21041422e+05 -1.78547476e+05  1.03951013e+06  3.45721121e+05
  1.47390644e+05  6.62736689e+04  1.08604483e+03  6.49511483e+05
  5.00593572e+05 -1.19415325e+04  1.73396273e+05  8.63950046e+04
  6.22413199e+04 -1.57428253e+03  8.38608528e+05 -2.39770350e+04
  4.40328902e+05  2.44349745e+05  3.39391803e+04  1.78326437e+04
  1.63329611e+04  2.33610001e+05  3.48822203e+05 -1.29582503e+04
  7.65030741e+05  1.78028344e+02  5.53492115e+04  1.79928283e+04
  2.67825214e+03  3.69018555e+04  3.14426104e+05  1.88521737e+05
  7.25702336e+05  2.57068414e+05  4.86715266e+04  1.16245278e+05
  1.45458398e+03  1.86078377e+03  3.05021923e+02  8.96772165e+04
  5.92496553e+04  6.84612263e+05  1.78876338e+05  3.61597502e+05
  1.47915224e+05  5.50380484e+04  8.53006654e+03  3.23431381e+03
  1.06130192e+02  8.02056609e+00  5.15956227e+03  2.45685573e+05
  1.27759590e+05  5.18238059e+05  2.55985902e+05  1.72052107e+05
  7.62650181e+04  1.39998156e+04  3.19408752e+03  2.16547436e+02
  1.27240171e+01  9.77583841e-01]
