beta_lin: [-2.32439371e+03  1.68381571e+02  9.74277262e+03 -1.46265071e+03
  9.44524583e+02 -1.72663280e+04  1.08139478e+03  3.35645734e+03
 -3.72998519e+03  1.68934434e+04  1.84834564e+03 -6.05254697e+03
 -7.36525286e+02  4.37667032e+03 -1.00007143e+04 -1.94435620e+02
 -3.92974612e+03  9.71391842e+03 -3.15153174e+03 -2.19286192e+03
  3.68369679e+03 -3.24177041e+02  9.57484735e+02  2.36125082e+03
 -5.95039613e+03  2.36454885e+03  5.62427525e+02 -8.24963535e+02
 -4.81033643e+01  3.56737772e+02 -5.20629211e+02 -7.56061963e+02
  1.45469454e+03 -3.30236681e+02 -1.70864841e+02  1.00337119e+02
  1.54908407e+03 -5.84433423e+03  8.87754829e+03 -7.02537608e+03
  3.19091277e+03 -7.87916689e+02  7.03028536e-01  4.46875479e+01
 -5.27170740e+00 -1.10267196e+03  3.73430404e+03 -4.67434664e+03
  2.44748920e+03 -2.68485564e+02 -1.75298271e+02  3.58141861e+01
  2.70676971e+00 -7.48074633e-01  8.35818880e-01]
beta_min: [-5.11898666e+03 -2.02318024e+03 -2.29654400e+03 -3.43723304e+03
 -7.62881154e+03 -3.91856218e+04 -7.77927630e+02 -3.75669450e+03
 -1.82459756e+04 -5.05626659e+03  4.12755097e+01 -1.23983149e+04
 -1.25095737e+04 -9.47200183e+03 -2.31735019e+04 -2.00151431e+03
 -1.00304794e+04 -9.88933507e+02 -1.44987405e+04 -1.02811552e+04
 -1.15158204e+03 -2.18347564e+03 -5.38825887e+03 -8.34165861e+03
 -1.66537346e+04 -4.45196598e+03 -2.37937773e+03 -1.88493325e+03
 -2.02259410e+03 -6.75601453e+03 -1.22931084e+04 -1.21029918e+04
 -5.36180126e+03 -2.94122080e+03 -8.23678104e+02 -2.84917220e+01
 -6.42110366e+02 -1.44159522e+04 -5.63529153e+03 -2.08711681e+04
 -4.89601256e+03 -3.72941124e+03 -6.52084756e+02 -4.05651370e+01
 -1.27001117e+01 -3.89661314e+03 -8.30193215e+03 -2.65875136e+04
 -1.94955771e+04 -1.34370285e+04 -5.00897077e+03 -1.02381469e+03
 -1.26087170e+02 -8.17534405e+00  6.59703684e-01]
beta_max: [4.70199247e+02 2.35994339e+03 2.17820892e+04 5.11931626e+02
 9.51786070e+03 4.65296592e+03 2.94071719e+03 1.04696092e+04
 1.07860052e+04 3.88431533e+04 3.65541576e+03 2.93220965e+02
 1.10365231e+04 1.82253425e+04 3.17207329e+03 1.61264307e+03
 2.17098718e+03 2.04167703e+04 8.19567702e+03 5.89543138e+03
 8.51897563e+03 1.53512156e+03 7.30322834e+03 1.30641603e+04
 4.75294234e+03 9.18106369e+03 3.50423278e+03 2.35006182e+02
 1.92638737e+03 7.46949007e+03 1.12518500e+04 1.05908679e+04
 8.27119034e+03 2.28074744e+03 4.81948422e+02 2.29165959e+02
 3.74027852e+03 2.72728377e+03 2.33903881e+04 6.82041597e+03
 1.12778381e+04 2.15357787e+03 6.53490813e+02 1.29940233e+02
 2.15669694e+00 1.69126922e+03 1.57705402e+04 1.72388203e+04
 2.43905555e+04 1.29000574e+04 4.65837423e+03 1.09544307e+03
 1.31500710e+02 6.67919478e+00 1.01193408e+00]
