beta_ridge: [  3.09753727   0.59242284   2.75160096  -2.07285804   0.50305224
   0.75587652   1.9129393   -2.78805608   0.30010405  -2.2957376
   2.41151104   1.04848546  -3.31843478   0.44829442  -5.24510069
  -0.13679909   1.77238364   0.51339455  -3.2462711    1.40446895
  -6.40185997  -4.40875785   0.33049511   1.82558633   0.54536824
  -2.32159299   3.24652094  -3.9944725   -7.90196804  -1.49657285
   2.02639162   2.48672631   0.90366695  -0.85713838   4.98663492
   2.53007924  -7.93427567  -1.37531357   2.83820965   4.07161483
   2.64560589   0.39212676  -0.1262459    3.79453278  10.01309198
  -3.70158614   1.65453973   5.0839503    5.83123428   3.6974754
  -0.21055569  -2.96019277  -1.63660755  -4.22303732   9.21788882
   0.84942725   4.28012951   6.07101858   5.58727645   2.50546752
  -2.6078962   -7.48098599  -7.85803795  -1.36459793 -15.55824983
  -8.16175545  -2.43491358  -0.19714305   0.81445358   0.27242702
  -1.92158441  -5.27398557  -8.11180154  -6.90279432   3.57042144
  24.61161093   5.99514449  -5.09378618  -4.38978778  -0.81896566
   1.70598871   3.04426279   3.18128166   2.30364988   0.83365427
  -0.69121082  -1.97006973  -2.7817221    1.24549018  -3.04200105
   2.47486864   1.71534042   3.4398232    2.66596883  -0.14148428
  -3.91203084  -6.87218145  -6.7461556   -1.7199234    7.14615275
  12.19484008   0.54260031 -12.73284176   4.08312036   0.58507937]
beta_min: [ -7.96110176 -12.05432506 -11.79455996 -16.25360851 -14.27936505
 -14.49460864 -13.1383328  -18.22640911 -15.12993909 -17.3842531
 -12.92860327 -15.00541724 -19.08619591 -15.01332007 -20.18574711
 -15.62707376 -14.47169526 -15.76303516 -19.00534157 -13.94973856
 -21.37228518 -19.95371903 -16.00343718 -14.60397763 -15.65957715
 -18.03989379 -12.00701526 -18.85305914 -23.44692923 -17.84745219
 -14.4638753  -13.86275195 -15.19964768 -16.51619746 -10.06835639
 -11.8740418  -23.42455033 -17.70924586 -13.65205727 -12.32831965
 -13.62218908 -15.62934127 -15.57605941 -10.87440295  -3.89546913
 -19.04170044 -14.58953917 -11.34561366 -10.51824398 -12.57031957
 -16.39239869 -18.79653333 -16.65310197 -18.33408332  -4.01438583
 -14.20184485 -11.77377319 -10.20541113 -10.61766894 -13.59784712
 -18.62936423 -23.31732655 -23.16773582 -15.61337058 -28.49832846
 -18.75015947 -16.61566405 -15.63549609 -14.95330755 -15.48664345
 -17.63988521 -20.93304465 -23.56161506 -21.91928874 -10.67835121
  12.02981639  -3.27820975  -9.78395918 -17.03653568 -15.60138295
 -13.72405443 -12.4173517  -12.17292585 -12.94988633 -14.22133704
 -15.36014655 -16.08111572 -15.72180072  -8.02786406  -6.98844338
   1.49275051  -9.34329861 -11.10633772 -12.58451634 -15.22999978
 -18.85267727 -21.84260667 -21.60474223 -16.12404444  -6.76240835
  -1.03743458 -10.04580371 -17.42301477   3.10100223   0.49635243]
beta_max: [14.1561763  13.23917074 17.29776188 12.10789243 15.28546953 16.00636169
 16.9642114  12.65029696 15.73014718 12.7927779  17.75162534 17.10238816
 12.44932636 15.90990891  9.69554573 15.35347557 18.01646253 16.78982426
 12.51279937 16.75867646  8.56856524 11.13620334 16.6644274  18.25515029
 16.75031363 13.3967078  18.50005715 10.86411413  7.64299314 14.85430649
 18.51665853 18.83620457 17.00698159 14.8019207  20.04162623 16.93420027
  7.555999   14.95861872 19.32847656 20.47154932 18.91340085 16.41359479
 15.32356761 18.4634685  23.92165309 11.63852816 17.89861862 21.51351426
 22.18071254 19.96527036 15.9712873  12.87614779 13.37988687  9.88800868
 22.45016347 15.90069935 20.33403221 22.34744829 21.79222184 18.60878215
 13.41357182  8.35535457  7.45165992 12.88417472 -2.6181712   2.42664857
 11.74583689 15.24120998 16.58221472 16.03149749 13.79671639 10.38507351
  7.33801197  8.1137001  17.8191941  37.19340547 15.26849873 -0.40361317
  8.25696012 13.96345162 17.13603185 18.50587728 18.53548917 17.55718608
 15.88864558 13.97772491 12.14097627 10.15835653 10.51884443  0.90444128
  3.45698677 12.77397946 17.98598412 17.91645399 14.94703123 11.02861558
  8.09824376  8.11243103 12.68419764 21.05471386 25.42711473 11.13100433
 -8.04266876  5.06523849  0.6738063 ]
