beta_ridge: [  7.76447095   1.22428481   0.14804474  -3.42532604   0.24021201
  -5.9242318    1.22621475  -3.72231842   0.71694101  -8.50560711
  -0.62303201   1.77142916  -2.81637549   2.68914084  -5.84339187
  -4.72006658   2.14587866   2.77421758  -1.18947385   4.93714166
   2.10991849  -6.43064878   1.70488289   4.44861803   2.63645354
  -0.43841105   4.18824909  11.04904895  -3.44729843   3.38029583
   5.42816613   2.95700657  -1.25364415  -2.43685183  -3.90918978
  10.23372151   0.88000686   5.12712478   5.27896061   1.2350321
  -5.00199454  -8.23267027  -3.06225882 -15.6004176   -8.88616668
  -2.21153482   0.7044295    0.78269772  -2.00610145  -6.27940852
  -8.01606598   0.15017532  23.30776981   7.13997363  -5.06344088
  -3.34037695   0.82262725   3.18625682   3.5759014    2.11529671
  -0.63354394  -3.52319286  -4.11379341   4.12003339  -3.85518591
   2.49955627   7.08744537   2.08356591  -3.43306401  -7.53942859
  -7.85918094  -2.59213873   6.9871673   12.73866194   1.10096892
 -13.1818855    4.1420729    0.58655382]
beta_min: [ -2.19337888 -10.46281665 -14.2796008  -16.84144321 -14.3540087
 -20.6844841  -13.25933879 -18.89205311 -14.37317533 -22.99291673
 -15.43745758 -14.08826287 -18.23273724 -12.27446747 -20.3698082
 -19.66030149 -13.90123746 -13.16993233 -16.51896235  -9.89012536
 -12.23518748 -21.37088369 -14.40658485 -11.67390876 -13.13932327
 -15.69819814 -10.36955774  -2.68177199 -18.261724   -12.66682029
 -10.69436067 -12.9928803  -16.9214444  -17.38661009 -17.86726649
  -2.87669542 -13.60554669 -10.73256724 -10.66518929 -14.54074471
 -20.66979479 -23.45471473 -17.13628592 -28.41526386 -19.31489583
 -15.62765198 -14.46530519 -14.63366403 -17.33558995 -21.53919562
 -22.96582424 -13.92385178  10.83540586  -1.90637389  -9.72030345
 -15.02747841 -13.77159346 -11.90385952 -11.38770691 -12.71197031
 -15.19135077 -17.48126957 -16.92863967  -4.92631413  -7.74757366
   1.51998968  -2.87040446 -12.34407964 -18.19331631 -22.02673821
 -22.38559728 -16.9372447   -6.74365364  -0.37175499  -9.32776023
 -17.83874806   3.16250631   0.49795548]
beta_max: [17.72232077 12.91138627 14.57569029  9.99079112 14.83443272  8.83602051
 15.7117683  11.44741628 15.80705736  5.98170251 14.19139356 17.63112119
 12.59998625 17.65274915  8.68302447 10.22016833 18.19299477 18.71836749
 14.14001465 19.76440867 16.45502446  8.50958613 17.81635064 20.57114483
 18.41223035 14.82137605 18.74605593 24.7798699  11.36712714 19.42741194
 21.55069293 18.90689345 14.41415609 12.51290643 10.04888693 23.34413844
 15.3655604  20.98681681 21.22311052 17.01080892 10.6658057   6.98937419
 11.01176828 -2.78557135  1.54256248 11.20458235 15.87416419 16.19905947
 13.32338705  8.98037858  6.93369228 14.22420242 35.78013375 16.18632115
 -0.40657832  8.34672451 15.41684795 18.27637317 18.53950971 16.94256373
 13.9242629  10.43488385  8.70105284 13.16638091  0.03720185  3.47912286
 17.04529519 16.51121146 11.32718829  6.94788103  6.66723539 11.75296724
 20.71798824 25.84907887 11.52969808 -8.52502293  5.12163949  0.67515216]
