beta_lin: [ -3.48875378  -1.84854539  12.55999058   0.12955348   1.16324205
 -12.46136833  -5.15697988   7.99056074  -2.10005668   3.15330581
 -10.65345271  24.82727019 -19.0444959    4.12489496   0.61176693]
beta_min: [-3.65343331e+00 -1.99227221e+00  1.22216774e+01 -1.15778129e-02
  9.04022336e-01 -1.27068414e+01 -5.30070670e+00  7.73134103e+00
 -2.29215653e+00  3.07822349e+00 -1.08181322e+01  2.44889570e+01
 -1.92899689e+01  4.04981264e+00  6.02225033e-01]
beta_max: [ -3.32407426  -1.70481857  12.8983038    0.27068477   1.42246176
 -12.21589528  -5.01325306   8.24978045  -1.90795684   3.22838813
 -10.48877319  25.16558341 -18.79902285   4.19997728   0.62130883]
