beta_lin: [-6.60778155e+03  1.39151598e+04  8.76706921e+03 -1.16086722e+03
 -1.53681488e+04  2.82810609e+04 -2.09467361e+04 -1.97850708e+04
 -5.21932138e+04 -7.63771447e+04 -6.89184748e+03  9.40873645e+04
  6.85549648e+04  8.64245827e+04  8.24784267e+04 -3.96445238e+04
  6.52825083e+04 -1.36319403e+05 -7.77096293e+04  3.25957232e+04
 -8.90806385e+04  9.34069930e+04 -5.02074934e+04 -3.13392368e+04
 -2.33611396e+04  2.18781596e+04 -1.53083727e+05  1.26905419e+05
 -5.18715265e+04 -9.63925578e+04  8.15861831e+04  1.92602134e+04
  1.74701638e+05  7.22070077e+04  1.06743431e+05 -1.31862830e+05
  4.71949813e+04 -2.29988884e+04  7.50216609e+04  4.55595363e+04
 -1.39974344e+05 -8.59345378e+04 -1.54944421e+05  1.20379435e+04
  8.06494385e+04  1.20497364e+04 -8.85051459e+04  6.50340100e+04
 -7.86224246e+02 -7.47477896e+04  6.45089936e+04  2.45707020e+04
  1.40919477e+05 -5.81892718e+04 -2.74391332e+04 -4.18700279e+04
  9.12829180e+04 -2.45863068e+04  2.11633014e+04 -7.60619146e+04
 -1.51882441e+04  1.29464358e+05 -7.84868174e+04 -5.84564806e+04
  3.64238109e+04  4.36892928e+03 -1.77194394e+04  9.17031134e+04
 -9.92844254e+04 -6.86784082e+04  1.16748057e+05  9.74571405e+03
  3.55976195e+03 -9.12718962e+04  5.74642810e+04  9.58760823e+03
 -1.08185451e+04 -3.61987451e+00  1.65302436e+04 -2.78421336e+04
 -2.47921813e+04  3.95388419e+04  4.85542694e+04 -3.07060073e+04
 -1.00371918e+05  1.15304728e+05 -3.59912121e+04  1.54321047e+02
 -1.90295321e+03  1.63634187e+03 -8.92983336e+01 -2.13531428e+03
  6.06806656e+02  7.70178224e+01  1.33021721e+04 -2.32855828e+03
 -3.51247315e+04  1.79620209e+04  4.09294180e+04 -5.48911078e+04
  2.73328179e+04 -6.52898226e+03  9.09803895e+02 -1.28836004e+02
  9.10681115e+00 -1.61354365e+04  6.25145442e+04 -7.68412422e+04
  7.08055674e+03  4.29643685e+04  1.46761660e+04 -8.84360147e+04
  8.76893469e+04 -4.55140673e+04  1.48382987e+04 -3.27641326e+03
  4.85363280e+02 -5.04822954e+01  4.82668274e+00  5.88503942e-01]
beta_min: [-1.35817413e+04 -2.66062111e+03 -7.55430525e+03 -3.64346525e+04
 -5.49232349e+04             nan -5.72532644e+04 -1.24112136e+05
             nan             nan -3.40886998e+04  8.40720190e+03
 -3.46977082e+04  1.65168246e+04  2.16553859e+04 -8.43866751e+04
  1.57482135e+03 -2.20969046e+05 -1.14661313e+05 -7.62678719e+04
 -1.97049470e+05  1.20089054e+04 -1.30397023e+05 -1.02632168e+05
 -1.17299279e+05 -5.58503262e+04 -2.04258972e+05             nan
 -1.61220449e+05 -2.06829962e+05 -3.81555597e+04 -3.24364735e+04
  8.72551172e+04  2.91083498e+04 -1.09320023e+04             nan
 -5.26975845e+04 -1.51489792e+05 -4.64238416e+04 -6.37923225e+04
 -2.24433974e+05             nan -2.36091028e+05 -1.06638039e+05
  5.89751999e+04 -6.37911326e+04 -2.06846232e+05 -8.01928217e+04
 -8.83866200e+04 -1.87175145e+05 -1.54399938e+04 -2.48184017e+04
  3.15577143e+04 -1.27922085e+05 -4.99364584e+04 -1.04043732e+05
 -2.21365291e+04 -9.32533669e+04 -4.91969549e+04 -1.73005297e+05
 -3.22050264e+04  5.91115920e+04 -1.73041769e+05 -1.30927430e+05
  8.53074112e+03 -3.01539593e+03 -6.61489495e+04 -5.78297728e+03
             nan             nan  2.81862393e+03 -7.02547914e+04
 -6.75735295e+04 -1.84474198e+05 -6.18348067e+03 -1.86773384e+04
 -1.82700346e+04 -1.32529807e+03 -1.78009401e+04 -1.19615935e+05
 -1.00250501e+05 -1.74186742e+04 -5.73055873e+04 -1.24168182e+05
 -2.02152205e+05  9.98173177e+03 -1.02460005e+05 -2.60328350e+04
 -8.82278148e+03  4.25728069e+02 -2.20471710e+02 -2.72319572e+04
 -8.47842965e+04 -9.05354313e+04 -2.55635055e+04 -8.87891008e+04
             nan -4.49277089e+04 -6.78800976e+04 -1.26158080e+05
 -9.49028746e+02 -1.37079373e+04 -2.31298407e+02 -2.40927279e+02
  2.53513127e+00 -3.72023644e+04 -2.40120816e+04 -2.06286880e+05
 -7.19185400e+04 -4.47766299e+04 -9.39786843e+04 -2.14332011e+05
 -4.00028738e+04 -1.28786472e+05 -1.98429373e+04 -1.24775102e+04
 -1.01604146e+03 -1.90821954e+02 -1.81408061e+00  4.48449990e-01]
beta_max: [ 3.66178187e+02  3.04909408e+04  2.50884437e+04  3.41129181e+04
  2.41869374e+04             nan  1.53597923e+04  8.45419939e+04
             nan             nan  2.03050049e+04  1.79767527e+05
  1.71807638e+05  1.56332341e+05  1.43301468e+05  5.09762756e+03
  1.28990195e+05 -5.16697593e+04 -4.07579453e+04  1.41459318e+05
  1.88881931e+04  1.74805081e+05  2.99820366e+04  3.99536942e+04
  7.05769999e+04  9.96066455e+04 -1.01908483e+05             nan
  5.74773958e+04  1.40448466e+04  2.01327926e+05  7.09569003e+04
  2.62148159e+05  1.15305666e+05  2.24418864e+05             nan
  1.47087547e+05  1.05492015e+05  1.96467163e+05  1.54911395e+05
 -5.55147134e+04             nan -7.37978136e+04  1.30713926e+05
  1.02323677e+05  8.78906053e+04  2.98359398e+04  2.10260842e+05
  8.68141715e+04  3.76795659e+04  1.44457981e+05  7.39598057e+04
  2.50281240e+05  1.15435418e+04 -4.94180810e+03  2.03036763e+04
  2.04702365e+05  4.40807534e+04  9.15235576e+04  2.08814674e+04
  1.82853825e+03  1.99817124e+05  1.60681339e+04  1.40144691e+04
  6.43168807e+04  1.17532545e+04  3.07100708e+04  1.89189204e+05
             nan             nan  2.30677491e+05  8.97462195e+04
  7.46930534e+04  1.93040591e+03  1.21112043e+05  3.78525548e+04
 -3.36705569e+03  1.31805832e+03  5.08614274e+04  6.39316678e+04
  5.06661386e+04  9.64963579e+04  1.54414126e+05  6.27561672e+04
  1.40836935e+03  2.20627724e+05  3.04775810e+04  2.63414771e+04
  5.01687505e+03  2.84695568e+03  4.18750425e+01  2.29613286e+04
  8.59979099e+04  9.06894669e+04  5.21678497e+04  8.41319842e+04
             nan  8.08517508e+04  1.49738934e+05  1.63758639e+04
  5.56146645e+04  6.49972734e+02  2.05090620e+03 -1.67447288e+01
  1.56784910e+01  4.93149131e+03  1.49041170e+05  5.26043953e+04
  8.60796535e+04  1.30705367e+05  1.23331016e+05  3.74599817e+04
  2.15381568e+05  3.77583371e+04  4.95195347e+04  5.92468365e+03
  1.98676802e+03  8.98573636e+01  1.14674461e+01  7.28557894e-01]
