beta_ridge: [  6.44878595 -10.50329842 -31.66788944  -8.46138163  50.08902481
  40.06742136  15.41647312 -11.38537918 -58.12317871 -10.00227749
  21.13535988 -54.19663812  42.14141885  19.06429256  -8.50210028
   5.00640633 -12.8396488    5.24441377   4.73528253  -6.91848168
   3.3665774   24.64700753 -74.33181918  67.38266044  -6.09633253
 -17.58235724   5.53604174   0.49163745]
beta_min: [  3.10763154 -14.31542086 -41.11877839 -12.47118967  41.07346123
  29.29507781  11.36671403 -19.7608501  -67.43620745 -16.42194988
  17.12555185 -62.57210904  33.3444002   13.70338145 -10.6215137
   1.19428389 -21.85521237  -4.06861498  -0.62562858  -8.70657599
   3.00030409  21.30585311 -83.78270817  56.61031685 -12.51600494
 -19.70177066   5.16976843   0.46207763]
beta_max: [  9.78994036  -6.69117598 -22.21700048  -4.4515736   59.10458838
  50.8397649   19.46623221  -3.00990827 -48.81014996  -3.5826051
  25.14516792 -45.82116721  50.93843749  24.42520366  -6.38268687
   8.81852877  -3.82408522  14.55744252  10.09619363  -5.13038736
   3.73285071  27.98816195 -64.88093019  78.15500402   0.32333988
 -15.46294382   5.90231505   0.52119727]
