beta_ridge: [-14.48809219  15.44365458  24.96742561  -8.36047872 -24.16310673
  -5.59589755   6.70614772   2.51666694  12.17313361  -8.37441857
  14.12641746 -39.25432411  29.92365202  -8.79186147   3.11752229
  -3.93742491  -7.65663145  30.29065664 -24.95000799   5.69217753
   0.55356398]
beta_min: [-17.35404796  12.77581057  17.90915076 -10.99136136 -29.84842246
 -12.15723016   4.07526508  -2.78290809   7.09553037 -11.2406075
  11.45857346 -44.93963983  24.84604879 -11.10414143   2.52587098
  -6.80338068 -14.7149063   23.72932403 -27.81619692   5.10052622
   0.49997461]
beta_max: [-11.62213642  18.11149859  32.02570046  -5.72959608 -18.47779101
   0.96543506   9.33703036   7.81624198  17.25073685  -5.50822963
  16.79426147 -33.56900838  35.00125526  -6.47958152   3.7091736
  -1.07146914  -0.5983566   36.85198925 -22.08381905   6.28382884
   0.60715336]
