beta_ridge: [ -7.01344205   6.05792301   3.16662248  -6.15720894  -0.191135
  10.61224326   7.20313519  -2.20668056 -10.51772995  -2.27610692
   3.72308055 -13.84839004  12.50723618   4.92635204  -7.61741753
  11.47571538 -12.9021653  -10.14821853  15.92608797  -5.33857711
   2.70756181  -3.28514095  -6.91742661  10.92551097  10.92570087
 -16.73247073   4.21323348   0.63375886]
beta_min: [-12.66118083  -1.16094368  -9.03397692 -15.32574446 -13.00976482
  -1.57990202  -2.78491809 -14.99788463 -22.1744012  -11.51285543
  -5.44545498 -26.63959411   1.18871879  -2.8616993  -11.83925551
   4.25684869 -25.72079513 -21.80488977   8.13803663  -8.80667793
   1.77993607  -8.93287973 -19.11802601  -1.26663431   1.68895235
 -20.95430871   3.28560774   0.5454865 ]
beta_max: [ -1.36570327  13.2767897   15.36722188   3.01132659  12.62749483
  22.80438854  17.19118847  10.58452351   1.1389413    6.9606416
  12.89161607  -1.05718598  23.82575357  12.71440338  -3.39557955
  18.69458207  -0.08353548   1.50845272  23.71413931  -1.87047629
   3.63518755   2.36259783   5.28317279  23.11765625  20.16244938
 -12.51063275   5.14085922   0.72203122]
