beta_lin: [-12.7088764   13.59841417  24.80963851 -14.68707318 -17.35643888
  -9.36309414   5.76927692  11.80851181   5.90657539  -5.85551078
   3.89520547 -18.63828267  13.98302468  -4.29907142   2.70391052
 -25.54806044  42.62650997 -12.0623293   -9.39507435   3.47163299
   0.58195213]
beta_min: [-34.90150627  -3.21418421 -25.92403121 -30.03480549 -50.84827144
 -51.85882483  -9.57845539 -17.72740052 -21.03136195 -21.74966105
 -12.91739292 -52.13011523 -12.95491266 -15.08551898   0.13684247
 -47.74069031  -8.10715974 -54.55805998 -25.28922462   0.90456494
   0.41519773]
beta_max: [ 9.48375348 30.41101256 75.54330822  0.66065913 16.13539368 33.13263655
 21.11700923 41.34442414 32.84451273 10.03863948 20.70780386 14.85354989
 40.92096202  6.48737615  5.27097856 -3.35543057 93.36017968 30.43340139
  6.49907591  6.03870103  0.74870652]
