beta_lin: [-2.44468347e+02  3.40753729e+02  7.59236430e+02  9.44037030e+01
 -1.33865041e+03 -7.58268825e+02  2.17492012e+02 -6.32570092e+02
  2.21342950e+03  7.01187841e+01  4.26963435e+02 -1.52482759e+03
  1.91465215e+03 -2.11599923e+03  3.71500254e+02 -1.67631229e+02
 -6.17048230e+02  2.45827884e+03 -2.51797457e+03  1.32889905e+03
 -2.59018682e+02 -1.10358693e+02  5.53881532e+02 -7.73030321e+01
 -1.38095960e+03  1.45603395e+03 -5.27256378e+02  6.70001934e+01
 -1.63382345e+02  5.34165957e+02 -7.36710310e+02  3.22321841e+02
  2.86345468e+02 -3.38579562e+02  1.02080833e+02 -6.89581321e+00
 -3.60111540e+02  1.46836328e+03 -2.31984443e+03  1.75789730e+03
 -6.13287432e+02  5.31112831e+01  1.67014218e+01 -3.58521485e+00
  1.00124082e+00]
beta_min: [-3.49541840e+02  2.49865926e+02  3.39899159e+02  6.37516824e+00
 -1.66620160e+03 -1.45428181e+03  1.30509635e+02 -9.25014807e+02
  1.70311613e+03 -5.52214984e+02  3.40267589e+02 -1.80103207e+03
  1.46266227e+03 -2.55988356e+03  4.71393813e+01 -2.54613647e+02
 -8.93252767e+02  2.02156873e+03 -2.91948971e+03  1.09714674e+03
 -3.58530249e+02 -1.98387185e+02  2.61436880e+02 -5.29292897e+02
 -1.78247473e+03  1.23894856e+03 -6.00329650e+02  4.97445877e+01
 -2.54270488e+02  2.06613571e+02 -1.24702523e+03 -1.21563430e+02
  5.45928869e+01 -4.11652862e+02  8.85459842e+01 -8.42727820e+00
 -4.65186952e+02  1.04901757e+03 -3.01587255e+03  1.13554939e+03
 -9.37655611e+02 -4.64023103e+01 -5.54450745e-01 -5.11669199e+00
  9.40264905e-01]
beta_max: [-1.39394854e+02  4.31641532e+02  1.17857370e+03  1.82432238e+02
 -1.01109922e+03 -6.22558399e+01  3.04474389e+02 -3.40125376e+02
  2.72374287e+03  6.92452552e+02  5.13659280e+02 -1.24862311e+03
  2.36664202e+03 -1.67211489e+03  6.95861127e+02 -8.06488112e+01
 -3.40843693e+02  2.89498896e+03 -2.11645943e+03  1.56065137e+03
 -1.59507114e+02 -2.23302012e+01  8.46326183e+02  3.74686832e+02
 -9.79444478e+02  1.67311934e+03 -4.54183105e+02  8.42557990e+01
 -7.24942016e+01  8.61718344e+02 -2.26395387e+02  7.66207113e+02
  5.18098048e+02 -2.65506262e+02  1.15615682e+02 -5.36434823e+00
 -2.55036128e+02  1.88770900e+03 -1.62381631e+03  2.38024522e+03
 -2.88919252e+02  1.52624877e+02  3.39572943e+01 -2.05373772e+00
  1.06221674e+00]
