beta_lin: [-2.41525396e+00 -3.44044038e+00  1.08102930e+01 -1.05574877e-02
  3.36579465e+00 -1.14062378e+01 -5.63482360e+00  8.73375307e+00
 -3.22060764e+00  2.92213957e+00 -1.07267338e+01  2.50331784e+01
 -1.91787084e+01  4.23145302e+00  6.18786309e-01]
beta_min: [ -4.44401013  -5.18083738   6.82639023  -1.70978819   0.3672475
 -14.1379204   -7.3752206    5.73520592  -5.32835942   2.14640066
 -12.75548998  21.04927562 -21.91039104   3.45571412   0.52913357]
beta_max: [ -0.38649778  -1.70004338  14.79419587   1.68867322   6.3643418
  -8.67455518  -3.8944266   11.73230022  -1.11285587   3.69787847
  -8.69797763  29.01708126 -16.44702582   5.00719192   0.70843905]
