beta_lin: [-17.79368272  11.47452902  33.79256787  -2.44998134 -22.5078114
 -13.25505711   4.80210944  -3.04165382  14.96606301  -6.04531198
  23.15754951 -55.12953667  41.01568673 -11.9547267    3.0147262
 -10.70402252   4.34499068  24.09437763 -24.25953909   5.78280669
   0.55656269]
beta_min: [-26.10710944   4.43872985  13.61489913  -9.22128877 -37.48170967
 -31.48677401  -1.96919799 -16.82688897   1.84826497 -13.60127862
  16.12175033 -70.10343495  27.89788869 -17.71067328   1.59100926
 -19.01744924 -15.83267807   5.86266072 -31.81550573   4.35908974
   0.44383977]
beta_max: [ -9.48025599  18.5103282   53.97023661   4.32132608  -7.53391312
   4.9766598   11.57341686  10.74358134  28.08386105   1.51065466
  30.19334868 -40.1556384   54.13348477  -6.19878013   4.43844315
  -2.39059579  24.52265942  42.32609454 -16.70357244   7.20652364
   0.66928562]
