beta_lin: [-2.86748467e+03  2.55180743e+04 -3.91242284e+03 -3.60773407e+04
 -5.85591412e+04  4.12451489e+04 -1.09362630e+04  1.05727420e+05
 -1.51221981e+03 -6.52221094e+04  6.03848749e+04  2.03455081e+02
 -5.53512964e+04  9.80702321e+04  1.38276049e+04 -5.96672640e+04
 -1.09017953e+05 -1.24089322e+04 -1.04067651e+05 -6.62829480e+04
  6.40150280e+04  6.27487484e+04  4.13227487e+04  9.76808621e+04
  9.99073823e+04  1.36679178e+05 -3.69656696e+04 -8.15379726e+04
 -3.85956855e+04 -5.29476767e+04  3.21895219e+04 -8.89726317e+04
 -1.21753991e+05 -5.97566629e+04  7.37606996e+04  4.61988639e+04
  4.24253961e+04 -4.43139202e+04  4.12636000e+04  9.49850801e+03
  1.87067810e+04  4.99276933e+04  3.38131215e+04 -5.30519780e+04
 -1.30976850e+04 -2.58191844e+04  2.62553232e+04 -3.04514083e+03
  4.75904683e+04 -1.31175482e+05  7.94309911e+04 -3.96570034e+03
 -3.80981946e+04  2.68666794e+04  1.04781987e+03 -1.00217362e+04
  5.62721863e+04 -7.90565273e+04  2.62808001e+04 -9.49007372e+03
  5.54529186e+04 -3.86340313e+04 -1.25177895e+04  2.38295210e+04
 -9.68961858e+03  4.13270566e+02  1.38488066e+04 -2.81067708e+04
 -1.35180646e+04  5.86958555e+04 -1.08879193e+04 -5.55236019e+04
  5.32003844e+04 -2.77735982e+04  1.59186150e+04 -7.93102422e+03
  2.03541300e+03 -1.22125411e+02 -5.55138047e+03  1.26875075e+04
 -7.06747583e+03 -6.08088155e+02  6.28811356e+03 -2.68239953e+04
  4.48007226e+04 -3.71027666e+04  1.81407640e+04 -5.96123042e+03
  1.38291742e+03 -1.96990609e+02  1.12132323e+01 -2.32755722e+03
  1.10721728e+04 -1.98025627e+04  1.83046336e+04 -1.67547183e+04
  2.52863877e+04 -2.96491825e+04  2.02587939e+04 -7.93798902e+03
  1.71914919e+03 -1.59190124e+02 -1.53468726e+01  5.28706621e+00
  5.45883448e-01]
beta_min: [-7.45938225e+03  8.54659624e+03             nan -6.97376000e+04
 -1.09564340e+05             nan -5.51154630e+04  4.28008675e+02
 -6.07345565e+04 -1.27270020e+05 -5.65976178e+03 -1.07931799e+05
 -1.71809833e+05  1.56301953e+04 -1.11759878e+05 -1.53937926e+05
 -2.26797936e+05 -1.30189484e+05 -1.81149412e+05 -1.71096133e+05
 -4.11781283e+04 -4.78342651e+04 -8.08672768e+04 -3.13633695e+04
  3.40814154e+04  2.53389739e+04 -1.60059017e+05 -1.39482514e+05
 -1.45058944e+05 -1.80204508e+05 -1.14890540e+05 -1.84584115e+05
 -2.20324500e+05 -1.65956202e+05 -3.51443026e+04  1.22693646e+04
 -5.11498574e+04 -1.61784537e+05 -9.62120968e+04 -1.15296542e+05
 -8.31553778e+04 -6.02439768e+04 -5.27854919e+04 -1.13440165e+05
 -3.04122596e+04 -9.88590478e+04 -1.00726139e+05 -1.32927512e+05
 -3.16410340e+04 -2.12983316e+05 -4.48652543e+04 -9.25824204e+04
 -8.84719422e+04  4.60181491e+03 -4.55969375e+03 -5.38340938e+04
 -3.18699844e+04 -1.50886022e+05 -1.57875205e+04 -1.07290408e+05
 -5.04381171e+04 -1.25026379e+05 -6.48854499e+04  3.54853952e+03
 -1.54078433e+04 -6.68938673e+02 -1.51941732e+04 -1.19352453e+05
 -1.19565145e+05  3.17739868e+03 -7.88969480e+04 -1.44952383e+05
 -3.37033541e+04 -7.91106878e+04 -4.53703483e+03 -1.35182793e+04
  1.04917524e+03 -2.39417409e+02 -2.94006168e+04 -7.60530796e+04
 -1.33384072e+05 -9.00536706e+04 -7.95773256e+04 -1.40297993e+05
 -5.09949171e+04 -9.03072121e+04 -2.52627217e+03 -1.15492968e+04
  3.95997122e+02 -3.00940566e+02  4.90591247e+00 -1.52089154e+04
 -4.03754944e+04 -9.46779073e+04 -4.31241748e+04 -1.22961629e+05
 -1.06282190e+05 -1.39146553e+05 -4.66769970e+04 -3.65260115e+04
 -6.27062597e+03 -1.53736100e+03 -1.50969224e+02 -1.40794358e+00
  4.03749359e-01]
beta_max: [ 1.72441291e+03  4.24895524e+04             nan -2.41708145e+03
 -7.55394228e+03             nan  3.32429370e+04  2.11026832e+05
  5.77101169e+04 -3.17419870e+03  1.26429512e+05  1.08338709e+05
  6.11072405e+04  1.80510269e+05  1.39415088e+05  3.46033984e+04
  8.76202980e+03  1.05371619e+05 -2.69858903e+04  3.85302365e+04
  1.69208184e+05  1.73331762e+05  1.63512774e+05  2.26725094e+05
  1.65733349e+05  2.48019382e+05  8.61276783e+04 -2.35934316e+04
  6.78675732e+04  7.43091542e+04  1.79269584e+05  6.63885116e+03
 -2.31834813e+04  4.64428763e+04  1.82665702e+05  8.01283632e+04
  1.36000650e+05  7.31566968e+04  1.78739297e+05  1.34293558e+05
  1.20568940e+05  1.60099363e+05  1.20411735e+05  7.33620912e+03
  4.21688965e+03  4.72206790e+04  1.53236785e+05  1.26837231e+05
  1.26821971e+05 -4.93676483e+04  2.03727236e+05  8.46510197e+04
  1.22755529e+04  4.91315440e+04  6.65533349e+03  3.37906214e+04
  1.44414357e+05 -7.22703274e+03  6.83491207e+04  8.83102601e+04
  1.61343954e+05  4.77583159e+04  3.98498708e+04  4.41105024e+04
 -3.97139387e+03  1.49547980e+03  4.28917863e+04  6.31389113e+04
  9.25290162e+04  1.14214312e+05  5.71211094e+04  3.39051793e+04
  1.40104123e+05  2.35634915e+04  3.63742648e+04 -2.34376919e+03
  3.02165077e+03 -4.83341260e+00  1.82978559e+04  1.01428095e+05
  1.19249120e+05  8.88374943e+04  9.21535527e+04  8.66500028e+04
  1.40596362e+05  1.61016788e+04  3.88078001e+04 -3.73164094e+02
  2.36983772e+03 -9.30406515e+01  1.75205522e+01  1.05538009e+04
  6.25198400e+04  5.50727820e+04  7.97334420e+04  8.94521929e+04
  1.56854965e+05  7.98481879e+04  8.71945849e+04  2.06500335e+04
  9.70892435e+03  1.21898075e+03  1.20275479e+02  1.19820760e+01
  6.88017536e-01]
