beta_ridge: [ -9.30172787   1.21411729   2.26237108  -0.20598951   2.12350474
   9.15186872   2.56437622  -0.68048273  -1.55714914   6.07241933
   4.70812348  -4.15196255  -1.88732894  -6.09959733  -7.00158586
   3.33221778  -4.32314033  -4.82644001   6.67000517   3.86897918
  -3.53427265   1.98015088  -3.25572145  -2.83063356   0.70749242
   6.39135194  -2.82548716   1.63457553  -1.03884144  -4.95047022
   0.23828058   8.58895469   5.12228132 -12.30246045   3.20982421
   0.74400312]
beta_min: [-18.0654954   -9.06368472 -11.26327961 -12.20588772 -11.55243233
  -3.90786326 -10.43056729 -14.82161893 -14.91202577  -6.59544778
  -8.28682003 -18.83676067 -15.47617439 -18.69701814 -17.96687078
  -8.66768043 -18.46427654 -18.41528546  -5.67258644  -5.50553246
  -9.05621717  -8.29765113 -16.93165852 -16.18551019 -11.88992839
  -2.98315969  -7.30208646   0.3753621   -9.80260897 -18.47612091
 -12.82145141  -4.07891242  -5.84300361 -17.82440497   1.95061077
   0.62230736]
beta_max: [-0.53796034 11.49191929 15.78802176 11.7939087  15.79944181 22.2116007
 15.55931972 13.46065348 11.79772749 18.74028644 17.70306698 10.53283557
 11.70151651  6.49782348  3.96369907 15.33211599  9.81799588  8.76240544
 19.01259677 13.24349082  1.98767187 12.25795289 10.42021562 10.52424307
 13.30491322 15.76586358  1.65111213  2.89378896  7.72492609  8.57518047
 13.29801256 21.25682181 16.08756625 -6.78051593  4.46903764  0.86569888]
