beta_ridge: [ -7.15078521   0.52966628  -1.41791902  -2.26246758   2.38138918
   4.23593819   1.01542373  -0.10695444   1.59798016   7.34009243
   4.99530338  -1.13650395  -0.10606103  -2.32107764   4.01202015
   4.93440902  -1.66357554  -4.81769528  -0.06053167  -5.98385909
  -6.35150557   3.47006282  -3.01847378  -5.30023193  -2.65212264
   8.16541416   3.3911969   -3.21156175   3.00786593  -2.55076833
  -3.48060709  -0.56230928   2.19510778   4.43780236  -2.64584861
   1.57307255   3.13151174  -5.11305545  -5.63875526   1.57400717
   9.74618763   4.39644144 -12.52183809   3.35810029   0.73514572]
beta_min: [-16.94118624 -10.81192442 -15.23375292 -15.14657852 -11.5929117
  -9.59083542 -12.78009861 -14.67794787 -12.54954096  -5.99196027
  -8.88824894 -16.30635192 -14.57087745 -15.95912767  -8.97134342
  -8.86111331 -16.83342352 -19.72380242 -13.99896009 -18.90879166
 -17.39701748  -9.41404812 -17.58946721 -19.76504835 -16.59055105
  -4.49184644  -6.24347943  -8.76263243  -8.33372478 -16.52506921
 -17.6281282  -14.20035931 -10.7298248   -5.19687397  -7.13888353
   0.30067218  -6.6588893  -18.92888935 -19.46552887 -11.75804554
  -3.23717593  -6.64907047 -18.07290877   2.08569991   0.61261221]
beta_max: [ 2.63961582 11.87125698 12.39791488 10.62164336 16.35569005 18.0627118
 14.81094606 14.46403899 15.74550127 20.67214514 18.87885569 14.03334403
 14.35875539 11.31697239 16.99538372 18.72993136 13.50627244 10.08841185
 13.87789674  6.94107349  4.69400634 16.35417376 11.55251965  9.1645845
 11.28630577 20.82267476 13.02587324  2.33950893 14.34945663 11.42353254
 10.66691403 13.07574075 15.12004035 14.0724787   1.84718631  2.84547293
 12.92191277  8.70277845  8.18801835 14.90605987 22.7295512  15.44195334
 -6.97076741  4.63050067  0.85767924]
