beta_ridge: [ 17.16203496 -13.52679946 -33.39266851 -13.84921999  31.18026515
  -4.91062878   5.49569339  10.89527211  11.45397082  39.23411197
  -2.27695317  11.83259434 -18.88161908 -49.16873236 -13.71206434
  22.47498064 -21.68545698 -28.11345758  38.87971989  21.45117046
  -8.12127264  -4.19774305   1.13942366   2.89897441  -1.44622697
   2.51340983  -6.69333566   3.45672796  32.82567536 -58.44739674
  -9.18604601  63.39263642 -23.94902131  -9.39570242   4.38250048
   0.51877782]
beta_min: [ 12.95306162 -19.02486392 -44.40668291 -21.25218067  19.26457143
 -17.46297184  -3.18468238  -1.4351909   -0.9749251   28.41451289
 -10.95732894  -0.3713559  -30.92383591 -58.73774864 -20.46246988
  15.07201997 -34.01592    -40.15567441  29.74401372  15.96144665
 -10.47352801  -9.6958075  -10.77627006  -9.5299215  -11.01524326
  -2.97631398  -8.6314087    3.05011654  28.61670201 -69.46141121
 -21.73838917  52.57303729 -30.69942686 -11.74795778   3.97588906
   0.4873649 ]
beta_max: [ 21.3710083   -8.02873501 -22.3786541   -6.44625932  43.09595887
   7.64171429  14.17606916  23.22573513  23.88286673  50.05371105
   6.40342259  24.03654459  -6.83940225 -39.59971608  -6.9616588
  29.87794132  -9.35499396 -16.07124075  48.01542605  26.94089427
  -5.76901728   1.3003214   13.05511738  15.32787032   8.12278931
   8.00313364  -4.75526262   3.86333938  37.03464872 -47.43338227
   3.36629716  74.21223554 -17.19861576  -7.04344705   4.7891119
   0.55019074]
