beta_lin: [-8.42485256e+03 -3.03409053e+04  8.05383272e+03  1.09212942e+04
  1.13001355e+05  6.19573114e+04 -5.14650679e+03 -3.47209214e+04
 -1.08813478e+05 -1.46956014e+05 -6.23966971e+04  8.45300248e+04
 -1.71236118e+04 -6.00971693e+04  8.00465081e+04  4.10402530e+03
  1.13960500e+05 -8.69482875e+04  8.27485256e+04  1.37485711e+05
  8.30462539e+04  5.19054490e+04 -4.38684700e+04  8.34263066e+03
 -1.18550676e+05  1.42706209e+04  2.56177305e+03 -1.00258158e+05
  3.89349141e+03 -9.80748304e+04 -3.94276271e+04 -1.61933303e+04
  6.51629262e+04 -7.51961423e+04 -1.09820099e+05 -3.88800094e+04
 -6.76693293e+04  9.93365395e+04  2.10880779e+04  1.11917684e+05
  1.99321445e+04  1.61383590e+05  1.34603793e+03  4.25670779e+04
  1.35142875e+05  7.40299465e+04 -7.28482041e+04  5.95470648e+04
 -7.88749462e+04 -1.72804627e+04 -1.79078560e+05 -7.25025816e+04
 -2.16170401e+04  6.35597778e+04 -1.14147179e+05  2.74266845e+04
 -9.78579377e+04 -2.49341758e+04  8.06868961e+04 -3.74379803e+04
  1.16612881e+05  4.48931138e+04 -2.78136327e+04  8.50280694e+04
 -8.54263021e+04  5.34920957e+04 -9.08293786e+04  1.57949951e+05
 -1.10741462e+04  6.58739130e+03  8.66418822e+03 -1.38006789e+05
  3.79641506e+03  7.77548548e+04 -1.20102699e+04 -6.24427782e+04
  4.72564912e+04 -1.56508162e+04  3.23502772e+03  6.57821657e+04
 -6.45456847e+04 -1.19339523e+05  4.41693604e+04  1.30476811e+05
 -9.05493446e+03 -5.28631038e+04 -1.53132019e+04  1.07039678e+04
  2.06508261e+04 -1.39464280e+04  2.86796879e+03  2.71208329e+04
 -6.34617722e+04 -1.23767529e+04  7.37957562e+04  4.43976864e+04
 -6.29152710e+04 -4.50741887e+04  1.04162842e+04  6.00550951e+04
 -3.99888043e+04  1.13664599e+04 -5.28967096e+03  2.19141108e+03
 -3.06965347e+02 -3.45024573e+04  1.02266642e+05 -7.72921018e+04
 -3.22523821e+04  3.81743041e+04  4.90544388e+04 -6.74754479e+04
 -3.38114933e+03  6.79782736e+04 -6.80547441e+04  3.28696350e+04
 -8.59052479e+03  1.36129750e+03 -1.78358985e+02  1.61278215e+01
 -1.94446083e+04  7.11991849e+04 -6.80553087e+04 -3.99057781e+04
  7.90741420e+04  3.61126205e+04 -9.68397594e+04 -1.62095162e+02
  9.69713974e+04 -9.21518666e+04  4.32505982e+04 -1.17442288e+04
  1.85106279e+03 -1.64411720e+02  8.98153485e+00  5.29709180e-01]
beta_min: [-1.61707820e+04 -5.89652682e+04             nan -1.92303489e+04
  2.67531270e+04             nan -4.85249182e+04 -1.08323366e+05
 -1.64034865e+05             nan -1.35435115e+05  1.35178191e+04
 -6.25878539e+04 -1.27168139e+05             nan -9.22165695e+04
  1.75654934e+04             nan -2.24282442e+03  2.46724831e+04
  5.20710119e+03 -5.49880459e+04 -1.49309023e+05 -5.05359176e+04
             nan -7.06076643e+04 -9.35722467e+04 -2.74876744e+05
 -1.10213651e+05 -1.96475647e+05 -1.28985489e+05             nan
 -5.10425621e+04             nan -2.22501995e+05 -1.01024083e+05
 -1.73912295e+05 -3.98845337e+04 -8.28940573e+04  2.26984904e+04
 -2.45327539e+04  7.50439723e+04 -5.05827145e+04 -5.31848971e+04
  4.97607496e+04 -3.61634511e+04 -2.11740524e+05             nan
 -1.56033969e+05 -1.40619105e+05 -2.22400165e+05 -1.67175710e+05
 -9.30502685e+04 -4.13465736e+04 -2.09346949e+05 -6.97971240e+04
 -1.93448858e+05 -1.13953224e+05 -4.37219251e+04 -9.28822787e+04
  1.21495622e+04 -5.19020935e+04 -1.00057668e+05  3.07338705e+03
 -1.60854841e+05  5.72115417e+03 -1.71369232e+05  4.58782540e+04
             nan             nan -5.75688545e+04 -1.99436423e+05
 -3.82095601e+04  1.12329339e+04 -7.64968003e+04 -1.19852880e+05
  1.50829645e+04 -2.92087731e+04 -5.00377628e+04 -3.04966607e+04
 -7.33522564e+04 -1.91037934e+05 -7.92142503e+04  1.27668849e+04
 -8.42785244e+04 -1.38282930e+05 -8.62257131e+04 -3.84942129e+04
 -3.68157288e+03 -2.22420829e+04  6.45902187e+02 -1.08659060e+04
 -1.53086064e+05 -5.70218654e+04 -3.80689290e+03 -5.32628604e+04
 -1.65522918e+05 -1.61438998e+05 -8.40288191e+04 -1.63807081e+04
 -9.32219757e+04 -1.19859780e+04 -1.18755598e+04  9.14249373e+02
 -5.04500622e+02 -5.99048788e+04  3.12864480e+04 -1.31000796e+05
 -6.89215936e+04             nan -5.66896445e+03 -1.48440051e+05
 -8.33170384e+04 -2.80676738e+04 -1.35179817e+05  4.61588502e+03
 -1.59793095e+04  1.74223515e+02 -2.94716224e+02  7.91239026e+00
 -4.17050088e+04 -1.14357942e+04 -1.75729172e+05 -1.37295428e+05
  2.71675882e+04             nan -2.01899881e+05 -1.12392872e+05
 -3.09743317e+04 -1.89722729e+05 -3.62683365e+02 -2.35080654e+04
 -4.04593336e+01 -3.34368883e+02  1.51320102e+00  3.86017989e-01]
beta_max: [-6.78923084e+02 -1.71654237e+03             nan  4.10729373e+04
  1.99249583e+05             nan  3.82319046e+04  3.88815227e+04
 -5.35920915e+04             nan  1.06417209e+04  1.55542231e+05
  2.83406302e+04  6.97379990e+03             nan  1.00424620e+05
  2.10355507e+05             nan  1.67739876e+05  2.50298939e+05
  1.60885407e+05  1.58798944e+05  6.15720829e+04  6.72211789e+04
             nan  9.91489061e+04  9.86957928e+04  7.43604272e+04
  1.18000634e+05  3.25986285e+02  5.01302348e+04             nan
  1.81368414e+05             nan  2.86179731e+03  2.32640644e+04
  3.85736368e+04  2.38557613e+05  1.25070213e+05  2.01136878e+05
  6.43970428e+04  2.47723208e+05  5.32747903e+04  1.38319053e+05
  2.20525001e+05  1.84223344e+05  6.60441154e+04             nan
 -1.71592366e+03  1.06058180e+05 -1.35756955e+05  2.21705465e+04
  4.98161882e+04  1.68466129e+05 -1.89474086e+04  1.24650493e+05
 -2.26701738e+03  6.40848725e+04  2.05095717e+05  1.80063181e+04
  2.21076200e+05  1.41688321e+05  4.44304022e+04  1.66982752e+05
 -9.99776356e+03  1.01263037e+05 -1.02895252e+04  2.70021649e+05
             nan             nan  7.48972310e+04 -7.65771552e+04
  4.58023902e+04  1.44276776e+05  5.24762606e+04 -5.03267693e+03
  7.94300180e+04 -2.09285924e+03  5.65078182e+04  1.62060992e+05
 -5.57391129e+04 -4.76411113e+04  1.67552971e+05  2.48186737e+05
  6.61686554e+04  3.25567224e+04  5.55993092e+04  5.99021484e+04
  4.49832252e+04 -5.65077310e+03  5.09003539e+03  6.51075717e+04
  2.61625194e+04  3.22683596e+04  1.51398405e+05  1.42058233e+05
  3.96923764e+04  7.12906202e+04  1.04861387e+05  1.36490898e+05
  1.32443670e+04  3.47188977e+04  1.29621788e+03  3.46857280e+03
 -1.09430071e+02 -9.10003583e+03  1.73246836e+05 -2.35834081e+04
  4.41682934e+03             nan  1.03777842e+05  1.34891556e+04
  7.65547397e+04  1.64024221e+05 -9.29671498e+02  6.11233850e+04
 -1.20174012e+03  2.54837149e+03 -6.20017463e+01  2.43432527e+01
  2.81579217e+03  1.53834164e+05  3.96185544e+04  5.74838723e+04
  1.30980696e+05             nan  8.22036170e+03  1.12068682e+05
  2.24917126e+05  5.41899596e+03  8.68638798e+04  1.96078296e+01
  3.74258491e+03  5.54544366e+00  1.64498687e+01  6.73400370e-01]
