beta_ridge: [  5.59416245   0.93596395   2.08373458  -2.56939259   0.31658321
  -2.12168889   2.03273526  -3.41003005   0.22809406  -5.77021682
   1.27660625   1.39571166  -3.53104971   1.13797853  -7.1251573
  -2.78542887   1.76262647   1.41728688  -2.68939342   3.09595908
  -4.46433258  -6.92148491   0.25135911   3.01262477   1.80538253
  -1.23817275   5.03054274   2.56448728  -7.76065761  -0.02730287
   3.87651308   3.77979273   1.24243488  -0.52834131   3.97645439
  10.42893999  -3.9244223    2.51558669   5.66613439   4.96270626
   1.23610365  -2.45578107  -2.14847903  -4.07052486   9.48198773
   0.72967063   4.89726049   6.27943836   4.27359556  -0.77703914
  -6.57467211  -8.24922803  -2.02253956 -15.47192806  -8.49218225
  -2.52878114   0.29294794   1.12195169  -0.35666332  -3.82846046
  -7.63248353  -7.84044802   1.86529836  24.26313641   6.49286243
  -5.04096046  -4.17728837  -0.08460833   2.55971739   3.59105335
   3.05815827   1.32529143  -0.92086081  -2.83965833  -3.22140883
   2.72096045  -3.522766     2.48717716   4.37161928   3.35837902
   0.29055069  -3.7474958   -6.95586781  -7.0142422   -2.04373769
   6.96414766  12.34808402   0.92968579 -13.02192572   4.13350012
   0.584535  ]
beta_min: [ -4.94264212 -11.26072333 -12.41449937 -16.40343529 -14.37732575
 -17.16934245 -12.7598831  -18.72302326 -15.0608631  -20.56904568
 -13.82860397 -14.57354083 -19.14721166 -14.10216019 -21.86276863
 -18.03609368 -14.39925369 -14.72721273 -18.26243602 -12.02530908
 -19.22029489 -22.20399448 -15.98616134 -13.28669655 -14.20835737
 -16.759261    -9.9441577  -11.81913188 -23.01132241 -16.26482332
 -12.47777221 -12.40463312 -14.67055536 -15.92055901 -10.64594769
  -3.38317338 -19.02963251 -13.64629347 -10.63318693 -11.2217196
 -14.84501822 -18.23976876 -17.1318928  -18.10955313  -3.71092381
 -14.06294773 -11.07199199  -9.86506126 -11.74014434 -16.69002939
 -22.3586598  -23.52264546 -16.18606219 -28.37392086 -18.98906801
 -16.36282384 -15.02004526 -14.49421026 -15.92970592 -19.34954871
 -23.02470123 -22.82386179 -12.29822427  11.70865635  -2.67048696
  -9.70698993 -16.37397565 -14.77851729 -12.72923977 -11.64908537
 -12.06310989 -13.64940901 -15.54326288 -16.8786866  -16.12340164
  -6.44238894  -7.43314481   1.50664432  -6.16518529 -11.13985492
 -14.75710287 -18.54632465 -21.69347915 -21.7702045  -16.42735685
  -6.8479657   -0.84482753  -9.56719996 -17.68795519   3.15296728
   0.49582594]
beta_max: [16.13096701 13.13265123 16.58196852 11.2646501  15.01049218 12.92596468
 16.82535362 11.90296315 15.51705121  9.02861204 16.38181646 17.36496415
 12.08511224 16.37811724  7.61245403 12.46523593 17.92450663 17.5617865
 12.88364918 18.21722724 10.29162972  8.36102466 16.48887956 19.31194609
 17.81912243 14.2829155  20.00524317 16.94810643  7.4900072  16.21021758
 20.23079838 19.96421859 17.15542513 14.86387639 18.59885646 24.24105335
 11.18078792 18.67746685 21.9654557  21.14713211 17.31722551 13.32820662
 12.83493474  9.96850342 22.67489928 15.52228899 20.86651298 22.42393797
 20.28733546 15.13595111  9.20931559  7.0241894  12.14098306 -2.56993526
  2.00470351 11.30526155 15.60594115 16.73811365 15.21637928 11.69262779
  7.75973417  7.14296574 16.02882099 36.81761647 15.65621182 -0.374931
  8.01939891 14.60930063 17.84867454 18.83119207 18.17942643 16.29999186
 13.70154126 11.19936995  9.68058397 11.88430984  0.38761281  3.46771
 14.90842384 17.85661297 15.33820425 11.05133306  7.78174352  7.7417201
 12.33988146 20.77626102 25.54099556 11.42657155 -8.35589626  5.11403296
  0.67324407]
