beta_lin: [-1.38862715e+02  1.92946563e+02  4.50768491e+02  2.57975466e+01
 -6.54726682e+02 -5.01754193e+02  5.57806914e+02 -8.79412872e+02
  1.15645219e+03  1.19927784e+02  8.13207050e+00 -1.59903639e+03
  2.34133777e+03 -1.34177023e+03  1.83634546e+02 -3.39091965e+02
  5.51795353e+02  1.48703630e+03 -2.45865631e+03  1.00043309e+03
 -1.50888830e+02 -2.66717034e+02  1.23609909e+03 -1.57176511e+03
 -1.47673499e+02  1.12062726e+03 -4.25972798e+02  4.02067564e+01
  1.11380026e+01  5.86812775e+01 -3.71511085e+02  4.80212064e+02
 -4.00091482e+01 -2.12123755e+02  8.04484386e+01 -3.95898618e+00
 -2.53739041e+02  9.72138430e+02 -1.39617554e+03  8.86339321e+02
 -1.85912614e+02 -4.12963439e+01  2.00169786e+01 -2.20735297e+00
  8.60610447e-01]
beta_min: [-7.70719906e+02 -3.14545756e+02 -1.97283537e+03 -4.40782489e+02
 -2.40786442e+03 -4.34962036e+03  1.10806116e+02 -2.36180133e+03
 -1.43564187e+03 -3.14912533e+03 -4.32851994e+02 -2.95924089e+03
  1.70127979e+02 -3.46031799e+03 -1.41890311e+03 -7.86092484e+02
 -8.08408539e+02 -5.71145478e+02 -4.27846366e+03 -2.70909146e+01
 -6.05547233e+02 -7.33297471e+02 -2.46290245e+02 -3.74297491e+03
 -1.96748040e+03  1.93923071e+02 -7.22540856e+02 -3.04464682e+01
 -4.96351952e+02 -1.69444816e+03 -2.96359484e+03 -1.63833002e+03
 -1.06753166e+03 -5.08691626e+02  3.08685368e+01 -9.23067270e+00
 -8.85572091e+02 -1.45136685e+03 -5.24387866e+03 -2.38257435e+03
 -1.78838517e+03 -4.95938744e+02 -5.06344467e+01 -7.47897737e+00
  6.95168637e-01]
beta_max: [ 4.92994476e+02  7.00438882e+02  2.87437235e+03  4.92377582e+02
  1.09841105e+03  3.34611197e+03  1.00480771e+03  6.02975585e+02
  3.74854625e+03  3.38898090e+03  4.49116135e+02 -2.38831879e+02
  4.51254755e+03  7.76777530e+02  1.78617220e+03  1.07908554e+02
  1.91199924e+03  3.54521807e+03 -6.38848967e+02  2.02795710e+03
  3.03769572e+02  1.99863403e+02  2.71848843e+03  5.99444694e+02
  1.67213340e+03  2.04733146e+03 -1.29404739e+02  1.10859981e+02
  5.18627957e+02  1.81181072e+03  2.22057267e+03  2.59875415e+03
  9.87513363e+02  8.44441170e+01  1.30028340e+02  1.31270034e+00
  3.78094008e+02  3.39564371e+03  2.45152757e+03  4.15525299e+03
  1.41655994e+03  4.13346056e+02  9.06684038e+01  3.06427142e+00
  1.02605226e+00]
