beta_lin: [ 7.25274300e+03  5.97799780e+04 -4.85240464e+04 -9.03654692e+03
 -1.98742787e+05  1.14162814e+05 -2.91822196e+03  2.74489062e+03
  1.83607032e+05 -9.45108697e+04 -1.57954099e+04  4.79918370e+04
  6.45031099e+04  5.89867303e+04 -4.44797055e+04 -7.07990239e+04
  9.71272654e+04 -1.27670713e+05 -9.82508260e+04 -1.53668981e+05
  1.20195018e+05  1.01269544e+05  4.47696109e+04 -2.77951706e+04
  1.07545751e+04 -2.29458759e+02 -2.07265432e+04 -2.50990454e+04
 -1.03296506e+05 -2.21574242e+03 -1.49062069e+05 -2.10225675e+04
  1.93529075e+05  1.36252446e+05  1.39443405e+05 -9.07900662e+04
  3.45931593e+03  1.23148073e+05  2.99700480e+04  7.97577361e+04
 -3.58176798e+04 -1.43016610e+05 -1.97175702e+05 -8.07810830e+04
  9.88233859e+04  3.97278019e+04 -1.19350008e+04 -1.78010029e+05
 -6.24094961e+04  1.57762385e+05  2.70628801e+04 -4.66567760e+04
  1.75102362e+05  2.22795292e+03 -4.80796939e+04 -3.34339425e+04
 -2.61694839e+04  1.15746318e+05  4.10696690e+04 -3.66880433e+04
 -9.78691625e+03 -1.36504781e+05  1.58486958e+05 -1.13806391e+05
  1.63220418e+04  1.27739668e+04  6.66302633e+04 -1.13018276e+05
  3.10869918e+03  7.70822045e+04 -3.49577074e+04 -1.31515037e+04
 -5.63997987e+04  1.56967351e+05 -1.27231690e+05  5.19394666e+04
 -7.98746671e+03 -1.84979018e+03 -3.75705244e+04  5.78879520e+04
  5.07487329e+03  2.63880435e+03 -4.40524163e+04 -7.58811718e+04
  1.87043167e+05 -1.03326999e+05 -1.65419963e+04  3.58790811e+04
 -1.29781902e+04  1.65501103e+03  1.28302992e+02 -2.39714595e+04
  9.45860178e+04 -8.99936761e+04 -6.63075729e+04  1.21006567e+05
  4.03616088e+04 -1.42339156e+05  7.97701448e+04 -1.30790528e+04
  2.19413807e+03 -3.30009063e+03  1.19965613e+03 -1.17041291e+02
 -2.83949386e+00  9.34655027e+03 -4.21599071e+04  6.35140569e+04
 -2.46561187e+04 -1.71725228e+04 -1.28595227e+04  6.42300508e+04
 -6.63976142e+04  3.57839032e+04 -1.18893810e+04  2.59278191e+03
 -3.55362933e+02  2.01185477e+01  5.81662277e-01  7.81660044e-01]
beta_min: [-1.73783216e+04 -1.83666480e+04 -1.22683555e+05 -6.81833091e+04
 -4.27789035e+05  2.92675200e+04 -1.36049652e+05             nan
  1.02909760e+05             nan -1.79512217e+05 -2.20413370e+05
             nan             nan -1.67156980e+05 -2.47859650e+05
 -2.09910355e+05 -3.22132563e+05 -1.81140169e+05 -3.75544081e+05
 -7.64229872e+04 -1.34433386e+05 -2.55629435e+05 -3.05649561e+05
             nan             nan -2.23699269e+05             nan
 -3.80345882e+05 -3.34898392e+05 -4.26954455e+05 -2.70554263e+05
 -3.37154548e+04  3.49977148e+03 -1.21767056e+05             nan
 -2.49718121e+05 -1.90234482e+05 -2.97821387e+05 -2.23714419e+05
 -3.32022315e+05 -3.12799314e+05 -5.27666303e+05 -3.13414959e+05
             nan -1.53996706e+05 -3.32444733e+05 -4.72905809e+05
 -1.68314068e+05 -1.76173600e+05 -2.44658455e+05 -2.58177478e+05
 -1.26823673e+05 -1.43026642e+05 -8.48380959e+04 -2.03728280e+05
 -3.56863950e+05 -1.98928424e+05 -1.89896901e+05 -3.90320612e+05
 -3.32207971e+05 -4.39140079e+05 -8.06560773e+04 -2.73664432e+05
 -4.42565502e+04 -8.35678634e+02 -7.05320697e+04 -4.05135832e+05
 -1.98196040e+05 -6.46143055e+04 -3.77491954e+05 -2.31081105e+05
 -2.68905841e+05 -1.01604122e+05 -2.78708327e+05 -3.06450469e+03
 -2.31779560e+04 -4.37280208e+03 -1.40653968e+05 -2.27359549e+05
 -2.87749986e+05 -1.53670248e+05 -2.61752328e+05 -3.55942296e+05
 -1.10344707e+05 -3.47776700e+05 -1.63090738e+05 -2.21801977e+04
 -2.66249318e+04 -5.44493640e+02 -1.21109240e+02 -9.75446834e+04
 -1.15607697e+05 -2.53742564e+05 -2.85108801e+05 -9.86616246e+04
             nan -3.72048261e+05 -2.03733333e+05 -1.89517323e+05
 -6.41959212e+04 -1.88737181e+04 -1.06368871e+03 -3.08981402e+02
 -1.40348468e+01 -4.49029474e+04 -2.34112653e+05 -1.52364878e+05
 -1.65892755e+05 -3.49902116e+05 -2.52822015e+05             nan
 -1.71602407e+05 -9.85261458e+04 -7.92346180e+04 -1.67748165e+04
 -3.61017991e+03 -2.76676306e+02 -1.15833623e+01  5.95142924e-01]
beta_max: [ 3.18838076e+04  1.37926604e+05  2.56354619e+04  5.01102153e+04
  3.03034611e+04  1.99058108e+05  1.30213208e+05             nan
  2.64304304e+05             nan  1.47921397e+05  3.16397044e+05
             nan             nan  7.81975691e+04  1.06261602e+05
  4.04164886e+05  6.67911358e+04 -1.53614830e+04  6.82061203e+04
  3.16813023e+05  3.36972473e+05  3.45168657e+05  2.50059220e+05
             nan             nan  1.82246183e+05             nan
  1.73752871e+05  3.30466907e+05  1.28830318e+05  2.28509128e+05
  4.20773605e+05  2.69005121e+05  4.00653866e+05             nan
  2.56636753e+05  4.36530627e+05  3.57761483e+05  3.83229892e+05
  2.60386955e+05  2.67660940e+04  1.33314900e+05  1.51852793e+05
             nan  2.33452310e+05  3.08574731e+05  1.16885752e+05
  4.34950758e+04  4.91698369e+05  2.98784215e+05  1.64863926e+05
  4.77028396e+05  1.47482548e+05 -1.13212920e+04  1.36860395e+05
  3.04524982e+05  4.30421060e+05  2.72036239e+05  3.16944525e+05
  3.12634138e+05  1.66130517e+05  3.97629993e+05  4.60516504e+04
  7.69006338e+04  2.63836122e+04  2.03792596e+05  1.79099281e+05
  2.04413438e+05  2.18778715e+05  3.07576539e+05  2.04778098e+05
  1.56106244e+05  4.15538823e+05  2.42449458e+04  1.06943438e+05
  7.20302257e+03  6.73221722e+02  6.55129194e+04  3.43135453e+05
  2.97899732e+05  1.58947857e+05  1.73647495e+05  2.04179952e+05
  4.84431041e+05  1.41122701e+05  1.30006745e+05  9.39383600e+04
  6.68551430e+02  3.85451570e+03  3.77715225e+02  4.96017644e+04
  3.04779733e+05  7.37552116e+04  1.52493655e+05  3.40674759e+05
             nan  8.73699486e+04  3.63273622e+05  1.63359217e+05
  6.85841973e+04  1.22735368e+04  3.46300098e+03  7.48988186e+01
  8.35585909e+00  6.35960480e+04  1.49792839e+05  2.79392992e+05
  1.16580517e+05  3.15557070e+05  2.27102969e+05             nan
  3.88071782e+04  1.70093952e+05  5.54558561e+04  2.19603803e+04
  2.89945404e+03  3.16913401e+02  1.27466868e+01  9.68177163e-01]
