beta_ridge: [  7.18565961  -5.46882135   1.86845128   0.6542821   -0.65114113
  -6.89462021  -0.57569978  -1.7523843    3.93664871 -11.51379197
   0.97260093   0.87726152  -2.13882958   7.81118974  -5.22309009
  -6.49871477   8.03723601   2.19258564  -2.48871124   7.80424572
  10.48992624 -12.87855661   7.3706914    9.88544892  -1.81530531
  -5.02578709  -1.90068351  16.82654162  -7.54859311   7.69501815
   8.38767725  -0.84486934 -12.1493776   -3.75939462 -18.04406986
  -9.68248276   1.89644633  10.4669118    4.74402668  -7.1710623
 -14.88415768  -8.09860505  30.11845225   6.17563889  -6.26607353
  -8.05140459   4.96867496   4.6880378   -1.32249726  -4.02027598
  -0.4890564   -0.81836099   4.94222366  -5.05969058   2.99175853
   4.90898327   5.33247378  -3.86413881 -13.13351179 -10.88824104
   7.56363327  23.34928385  -5.11025022 -13.14965738   4.66708619
   0.52449305]
beta_min: [ -0.79653556 -15.27907704 -12.86920839 -11.38883132 -15.63276485
 -21.25417077 -14.2909903  -17.07762738 -11.02419602 -26.17205886
 -13.4210176  -15.20176973 -17.57489843  -7.14535692 -19.84438017
 -20.96166919  -8.41856709 -13.69585349 -17.90959447  -6.95789519
  -3.2405977  -27.27217514  -9.0851117   -6.41620145 -17.69049475
 -20.14435168 -15.90884665   3.5852023  -21.26388364  -8.38401311
  -7.50076189 -16.72005878 -27.44346939 -17.61768538 -30.50178989
 -18.81159236 -10.1466671   -4.85833128 -10.69204217 -22.59194552
 -30.00272227 -21.95689581  18.11429149  -1.66498415  -9.71715031
 -17.86166028 -10.01294876 -10.27280693 -16.27904391 -18.7824169
 -14.49721954 -13.27608102  -2.89839938  -7.96302154   2.34759398
  -3.07321191  -9.40518591 -18.22368937 -27.79177867 -25.50953112
  -6.16689069  10.10794453 -14.2393598  -16.60073415   4.02292164
   0.47108171]
beta_max: [15.16785479  4.34143434 16.60611095 12.69739553 14.33048259  7.46493036
 13.13959075 13.57285877 18.89749344  3.14447492 15.36621946 16.95629278
 13.29723927 22.76773639  9.3982      7.96423965 24.49303912 18.08102478
 12.93217198 22.56638664 24.22045018  1.51506192 23.8264945  26.18709928
 14.05988413 10.0927775  12.10747964 30.06788094  6.16669742 23.7740494
 24.27611638 15.0303201   3.14471419 10.09889614 -5.58634984 -0.55337317
 13.93955976 25.79215487 20.18009552  8.24982093  0.23440691  5.75968571
 42.12261301 14.01626193 -2.81499675  1.7588511  19.95029868 19.64888254
 13.6340494  10.74186493 13.51910674 11.63935903 12.78284671 -2.15635962
  3.63592308 12.89117845 20.07013346 10.49541175  1.52475509  3.73304903
 21.29415723 36.59062317  4.01885936 -9.6985806   5.31125075  0.5779044 ]
