beta_lin: [-2.73772096e+02  1.07331570e+02  1.04237449e+03  4.87893461e+01
 -4.90982042e+02 -1.52159115e+03  1.51485373e+02 -3.56787648e+02
  9.13730246e+02  1.02208792e+03  3.92853449e+02 -1.23806877e+03
  1.30676661e+03 -1.01233878e+03 -2.61572057e+02 -2.35783623e+02
 -3.76502031e+02  1.90447297e+03 -1.84470127e+03  7.59767273e+02
 -2.73432020e+01 -1.69058576e+02  7.97467482e+02 -5.05993581e+02
 -8.68138618e+02  1.06224353e+03 -3.47162002e+02  2.18837750e+01
 -1.71615311e+02  6.80116497e+02 -1.13729116e+03  7.98084619e+02
 -3.67029960e+01 -1.99177870e+02  6.73588339e+01 -2.57001764e+00
 -7.72675571e+01  3.42373044e+02 -5.34945952e+02  3.31074321e+02
 -2.06124571e+01 -5.73744029e+01  1.75382889e+01 -1.38188499e+00
  8.30350366e-01]
beta_min: [-4.90523035e+02 -7.83626269e+01  1.86173986e+02 -1.29836672e+02
 -1.15313657e+03 -2.92642131e+03 -2.42965918e+01 -9.43766043e+02
 -1.05038338e+02 -2.17464964e+02  2.17889514e+02 -1.79034121e+03
  4.10917520e+02 -1.88568767e+03 -8.97469538e+02 -4.11565470e+02
 -9.28774258e+02  1.04103175e+03 -2.62952887e+03  3.11534548e+02
 -2.18579819e+02 -3.47684382e+02  2.10490357e+02 -1.40184071e+03
 -1.65296516e+03  6.44355793e+02 -4.85586694e+02 -1.03925943e+01
 -3.57309497e+02  1.79624549e+01 -2.15605788e+03 -7.52616758e+01
 -4.84934195e+02 -3.37602222e+02  4.23662468e+01 -5.32202430e+00
 -2.94019243e+02 -5.13830612e+02 -1.93978154e+03 -9.08483407e+02
 -6.56512285e+02 -2.48611589e+02 -1.47381320e+01 -4.13389172e+00
  7.26655704e-01]
beta_max: [-5.70211561e+01  2.93025767e+02  1.89857500e+03  2.27415364e+02
  1.71172484e+02 -1.16760981e+02  3.27267338e+02  2.30190747e+02
  1.93249883e+03  2.26164080e+03  5.67817385e+02 -6.85796328e+02
  2.20261569e+03 -1.38989897e+02  3.74325424e+02 -6.00017753e+01
  1.75770196e+02  2.76791419e+03 -1.05987366e+03  1.20800000e+03
  1.63893415e+02  9.56722969e+00  1.38444461e+03  3.89853548e+02
 -8.33120764e+01  1.48013126e+03 -2.08737310e+02  5.41601443e+01
  1.40788744e+01  1.34227054e+03 -1.18524431e+02  1.67143091e+03
  4.11528203e+02 -6.07535191e+01  9.23514209e+01  1.81989021e-01
  1.39484129e+02  1.19857670e+03  8.69889634e+02  1.57063205e+03
  6.15287371e+02  1.33862784e+02  4.98147097e+01  1.37012174e+00
  9.34045027e-01]
