beta_lin: [-1.34787658e+02  1.36292368e+04 -2.90889890e+03 -2.96645697e+04
 -3.73650732e+04  1.18617075e+04  1.30851610e+04  1.12782151e+05
  1.65730893e+04 -1.71612876e+04  2.13041650e+03 -6.28912957e+04
 -1.55739961e+05  4.46168971e+04  1.10489033e+04  4.72611473e+03
 -2.44941161e+04  1.43546617e+05  6.58065177e+04 -5.95184554e+04
 -2.76238235e+03 -1.75106209e+04  3.55473526e+04  9.49241978e+03
 -1.63458743e+05  5.14908288e+04  2.03026600e+04  3.11919783e+02
  8.81033339e+03  7.67354405e+03 -5.02947352e+04  1.89245041e+04
  9.99715373e+04 -7.15301006e+04  7.07653650e+03 -5.50191405e+02
 -3.43582989e+03 -2.35896268e+03  6.37907434e+03  9.95481733e+03
 -1.64871517e+03 -3.99892737e+04  3.38107776e+04 -6.89429296e+03
  3.81797566e+02  2.84381584e+03 -7.80965637e+03  1.32733886e+04
 -1.75948891e+04  1.59001861e+04 -1.32864908e+04  1.34353295e+04
 -8.00887607e+03  1.73862968e+03 -9.65178607e+01  8.71574049e+03
 -4.35735882e+04  9.06433751e+04 -1.02972385e+05  7.11409497e+04
 -3.24966062e+04  1.12510088e+04 -3.56843080e+03  9.89406413e+02
 -1.56474966e+02  9.12340051e+00 -4.58745497e+02  1.48629108e+03
 -7.95892637e+02 -2.74704532e+03  5.33736271e+03 -4.21189425e+03
  1.68805433e+03 -3.12530984e+02  2.19313885e+01 -1.17267919e+01
  3.89952104e+00  5.88746281e-01]
beta_min: [-4.57545709e+03 -1.24137938e+03 -2.47624326e+04 -4.26287921e+04
 -1.05798224e+05 -4.15449549e+04  1.85293919e+02  5.34842201e+04
 -1.18010341e+05 -1.01376842e+05 -9.96252035e+03 -1.18821764e+05
 -2.78902595e+05 -1.05429399e+05 -7.64236053e+04 -7.41301971e+03
 -7.14969871e+04  3.46857936e+04 -8.48994869e+04 -1.68345595e+05
 -6.17476502e+04 -2.99712741e+04 -1.74584246e+04 -9.10313631e+04
 -2.86561671e+05 -6.48478418e+04 -3.66903180e+04 -2.52329095e+04
 -3.21710330e+03 -4.09240979e+04 -1.55917178e+05 -1.14507018e+05
  6.24988063e+02 -1.29899539e+05 -1.48134341e+04 -7.53830956e+03
 -1.59825792e+04 -5.55950222e+04 -9.77652129e+04 -1.14293579e+05
 -1.05950157e+05 -9.75811815e+04  1.29705816e+04 -1.25426661e+04
 -7.90972842e+02 -1.02153870e+04 -6.75000925e+04 -1.09034476e+05
 -1.63512702e+05 -9.49393695e+04 -7.04766000e+04 -7.95129668e+03
 -1.34321548e+04  8.19650735e+02 -2.11164700e+02 -5.85977954e+03
 -1.11021767e+05 -4.39624107e+04 -2.57411657e+05 -4.49628309e+04
 -9.39375891e+04 -1.16502091e+04 -9.30119751e+03  6.00294343e+01
 -2.49190517e+02  3.27317535e+00 -1.06735504e+04 -5.04732243e+04
 -1.16677958e+05 -1.52763841e+05 -1.20206667e+05 -7.53224735e+04
 -2.58021591e+04 -7.42129460e+03 -1.15410425e+03 -1.27076467e+02
 -1.98109902e+00  4.54634965e-01]
beta_max: [ 4.30588177e+03  2.84998530e+04  1.89446348e+04 -1.67003474e+04
  3.10680777e+04  6.52683700e+04  2.59850280e+04  1.72080082e+05
  1.51156520e+05  6.70542669e+04  1.42233534e+04 -6.96082695e+03
 -3.25773278e+04  1.94663194e+05  9.85214120e+04  1.68652492e+04
  2.25087549e+04  2.52407440e+05  2.16512522e+05  4.93086846e+04
  5.62228855e+04 -5.04996764e+03  8.85531298e+04  1.10016203e+05
 -4.03558147e+04  1.67829500e+05  7.72956379e+04  2.58567491e+04
  2.08377701e+04  5.62711860e+04  5.53277072e+04  1.52356026e+05
  1.99318087e+05 -1.31606623e+04  2.89665071e+04  6.43792675e+03
  9.11091942e+03  5.08770968e+04  1.10523362e+05  1.34203213e+05
  1.02652727e+05  1.76026341e+04  5.46509736e+04 -1.24591984e+03
  1.55456797e+03  1.59030187e+04  5.18807797e+04  1.35581253e+05
  1.28322924e+05  1.26739742e+05  4.39036184e+04  3.48219556e+04
 -2.58559731e+03  2.65760863e+03  1.81289787e+01  2.32912605e+04
  2.38745908e+04  2.25249161e+05  5.14668867e+04  1.87244730e+05
  2.89443766e+04  3.41522266e+04  2.16433592e+03  1.91878339e+03
 -6.37594157e+01  1.49736257e+01  9.75605938e+03  5.34458065e+04
  1.15086173e+05  1.47269751e+05  1.30881392e+05  6.68986850e+04
  2.91782678e+04  6.79623263e+03  1.19796702e+03  1.03622883e+02
  9.78014110e+00  7.22857598e-01]
