beta_lin: [ 1.62312545e+03  1.01791881e+01 -7.34492843e+03  1.04179254e+02
  6.02427458e+02  1.32779440e+04 -8.52826406e+03  1.30555632e+04
 -8.12198986e+03 -1.13048220e+04 -7.13150548e+03  4.41120846e+04
 -5.55272649e+04  2.56512154e+04  2.89476265e+03 -4.01472129e+03
  3.20801779e+04 -9.41470430e+04  9.57762554e+04 -3.69251068e+04
  2.67930206e+03 -6.59363727e+03  2.91129551e+04 -7.13440180e+04
  1.11898171e+05 -8.74064236e+04  2.84356834e+04 -2.64907591e+03
  6.30992725e+02  1.17812582e+04 -4.66245795e+04  7.82669631e+04
 -7.83858586e+04  4.50963377e+04 -1.20644976e+04  9.89512540e+02
 -6.43437483e+02  1.65540941e+03 -1.08149958e+04  3.12958840e+04
 -4.17581191e+04  3.05849023e+04 -1.27612883e+04  2.65635006e+03
 -1.80219696e+02  2.34040494e+03 -1.03048047e+04  1.90676688e+04
 -1.68656397e+04  4.03565923e+03  4.96499612e+03 -4.61089018e+03
  1.60858375e+03 -2.50532691e+02  1.43572172e+01  3.40108316e+03
 -1.71920374e+04  3.72038205e+04 -4.49569809e+04  3.31248506e+04
 -1.52085821e+04  4.22956827e+03 -6.29860463e+02  2.28232777e+01
  4.89507648e+00  5.06285784e-01]
beta_min: [-1.01695475e+03 -3.07528437e+03 -1.99315311e+04 -2.93555078e+03
 -1.35464849e+04 -1.26956975e+04 -1.14667522e+04  1.20328111e+02
 -3.68127751e+04 -4.18920373e+04 -1.00698288e+04  3.21803655e+04
 -8.09429438e+04 -7.90813045e+03 -1.99123464e+04 -6.97156133e+03
  2.02826961e+04 -1.18151126e+05  6.61541746e+04 -6.16474636e+04
 -8.55606776e+03 -9.53032485e+03  1.73267097e+04 -9.54745988e+04
  8.28476691e+04 -1.09645507e+05  1.66331968e+04 -6.30913016e+03
 -2.31587598e+03 -1.73752864e+02 -7.06262993e+04  4.92475341e+04
 -1.00681753e+05  3.40710534e+04 -1.57178474e+04  2.32294335e+02
 -3.70653264e+03 -1.14019365e+04 -3.64587370e+04  1.49348252e+03
 -6.40419615e+04  1.95667339e+04 -1.63049555e+04  1.93918897e+03
 -2.71383399e+02 -8.17357197e+02 -2.47969932e+04 -1.02863586e+04
 -5.11021733e+04 -2.10796014e+04 -6.96176525e+03 -8.28036729e+03
  8.91726550e+02 -3.34137653e+02  8.86087942e+00 -2.88300323e+02
 -3.52904632e+04 -9.91763681e+02 -9.03563700e+04 -2.95141797e+02
 -3.09916792e+04 -5.58359774e+02 -1.53603411e+03 -7.70679921e+01
 -7.36744623e-01  3.69874741e-01]
beta_max: [ 4.26320564e+03  3.09564274e+03  5.24167429e+03  3.14390928e+03
  1.47513398e+04  3.92515856e+04 -5.58977594e+03  2.59907984e+04
  2.05687953e+04  1.92823933e+04 -4.19318214e+03  5.60438037e+04
 -3.01115859e+04  5.92105612e+04  2.57018717e+04 -1.05788125e+03
  4.38776598e+04 -7.01429602e+04  1.25398336e+05 -1.22027501e+04
  1.39146719e+04 -3.65694970e+03  4.08992006e+04 -4.72134373e+04
  1.40948673e+05 -6.51673398e+04  4.02381699e+04  1.01097834e+03
  3.57786143e+03  2.37362694e+04 -2.26228597e+04  1.07286392e+05
 -5.60899638e+04  5.61216221e+04 -8.41114786e+03  1.74673074e+03
  2.41965767e+03  1.47127553e+04  1.48287453e+04  6.10982856e+04
 -1.94742766e+04  4.16030706e+04 -9.21762106e+03  3.37351114e+03
 -8.90559940e+01  5.49816707e+03  4.18738391e+03  4.84216961e+04
  1.73708939e+04  2.91509198e+04  1.68917575e+04 -9.41413066e+02
  2.32544095e+03 -1.66927730e+02  1.98535549e+01  7.09046664e+03
  9.06388358e+02  7.53994047e+04  4.42408260e+02  6.65448429e+04
  5.74514891e+02  9.01749631e+03  2.76313186e+02  1.22714548e+02
  1.05268976e+01  6.42696828e-01]
