beta_ridge: [ 12.46638598  -6.5009798   -6.33887314  -2.99292826   1.94025305
 -14.81500132   0.9457397   -0.8182221    8.68960442  -7.52250118
  -0.23433803   5.3304694   -0.82356021   9.45337429  11.10810688
  -8.93281926   9.90920777   1.91360262  -5.2136872   -1.72137758
  18.45203651  -7.30451274   8.62268184   4.4265078  -10.62012276
  -6.26965669 -19.10296069 -10.30646808   3.85312018   9.10749731
   0.35991893 -11.86449424 -12.12299753  27.63198452   7.90031706
  -6.32507683  -4.85777167   3.66401681   1.91923325  -1.71863764
  -2.62412478  -4.74284423   9.24500432  -6.1218196    3.0376687
  11.81744229  -2.86887742 -14.70625541 -12.55439938   7.19871981
  24.16076836  -4.39562084 -13.78767997   4.78029307   0.52207731]
beta_min: [  5.28709419 -15.51898632 -20.63109161 -14.18541271 -12.72029329
 -28.6331739  -12.13015374 -15.82052509  -5.7440052  -21.88521717
 -13.96544564 -10.31541443 -15.73115406  -5.03836708  -2.46177903
 -22.66392687  -6.2199777  -13.49034786 -20.11800771 -15.58937994
   5.47029232 -20.38040618  -7.02320199 -10.97744268 -25.66114139
 -19.96576033 -31.30365267 -19.15235367  -7.33936426  -5.89480568
 -14.54767493 -26.76881475 -25.81910116  15.85682253   0.376657
  -9.71790088 -13.87577818 -10.99652953 -12.51437637 -16.210379
 -16.49212714 -16.9435362    1.72134426  -8.95127342   2.39675895
   4.63815049 -17.16109589 -28.52442797 -26.91711536  -6.37116612
  11.17902416 -13.24150643 -17.18050401   4.13938332   0.46868767]
beta_max: [ 19.64567778   2.51702671   7.95334534   8.19955619  16.60079939
  -0.99682875  14.02163313  14.18408089  23.12321405   6.84021481
  13.49676958  20.97635323  14.08403365  23.94511565  24.6779928
   4.79828835  26.03839324  17.3175531    9.6906333   12.14662479
  31.4337807    5.7713807   24.26856568  19.83045828   4.42089586
   7.42644694  -6.90226872  -1.46058248  15.04560463  24.1098003
  15.26751278   3.03982626   1.5731061   39.40714652  15.42397712
  -2.93225279   4.16023485  18.32456315  16.35284288  12.77310372
  11.24387758   7.45784774  16.76866438  -3.29236578   3.67857845
  18.99673409  11.42334105  -0.88808285   1.8083166   20.76860575
  37.14251257   4.45026475 -10.39485592   5.42120281   0.57546695]
