beta_ridge: [  7.9610595    1.34555291  -7.01900649  -6.93545011   2.01279348
 -10.62984266  -1.69349237  -2.12240243   4.79058851  -2.72512566
   0.41380624   3.14641163   1.3218032    5.17431172  10.33343315
   2.12149232   4.34683155   1.65104208  -0.40978395  -3.16030593
  12.97561298   2.85198628   2.62220488  -2.11648668  -7.02345415
  -4.03807753 -17.08790675  -8.2581965   -0.74287704  -1.02718388
  -3.78750439  -6.3699166   -1.43942406  21.13033955   7.60153285
  -5.706189     0.94110543   1.88038911   1.98575301   0.63196732
  -2.64347028  -5.47407612   4.61574564  -3.50337767   2.52208854
  10.49886284  -5.30508511 -11.87038067  -7.17391493   5.87002823
  14.97572644   1.98943296 -13.80861334   4.15235783   0.59398575]
beta_min: [ -0.65664558  -9.01164664 -21.14050437 -19.26445758 -12.28475256
 -24.55138957 -15.29832231 -16.87303763  -9.59331657 -16.52666511
 -13.53630677 -12.30578929 -13.42508847  -8.95121584  -3.31568917
 -11.82862069 -11.30655183 -13.63247629 -15.02712717 -16.95678461
   0.1239685  -10.75284366 -12.82999604 -17.40000505 -21.85821873
 -17.95928862 -29.56814721 -18.63281211 -13.07188452 -15.77781908
 -18.53439606 -20.98725982 -15.36063515   9.04391811  -1.35497818
 -10.28035271  -9.41609412 -12.41715693 -12.39815207 -13.49356024
 -16.43994896 -17.95431658  -4.34076538  -7.36126263   1.56578281
   1.88115777 -19.426583   -25.79192758 -20.97545439  -7.7790941
   2.12408196  -8.38518265 -18.38277705   3.19605209   0.50665194]
beta_max: [16.57876457 11.70275245  7.1024914   5.39355737 16.31033952  3.29170425
 11.91133757 12.62823276 19.1744936  11.0764138  14.36391926 18.59861255
 16.06869487 19.29983928 23.98255548 16.07160533 20.00021493 16.93456044
 14.20755928 10.63617275 25.82725746 16.45681622 18.0744058  13.16703168
  7.81131042  9.88313355 -4.60766628  2.11641911 11.58613043 13.72345131
 10.95938728  8.24742663 12.48178702 33.216761   16.55804387 -1.13202528
 11.29830498 16.17793515 16.3696581  14.75749488 11.1530084   7.00616435
 13.57225667  0.3545073   3.47839428 19.11656792  8.81641277  2.05116623
  6.62762452 19.51915055 27.82737092 12.36404857 -9.23444962  5.10866356
  0.68131955]
