beta_lin: [ 1.36471404e+01  1.29976973e+01  7.93338855e+00 -8.83858659e+00
 -5.33825799e+01 -1.09775945e+02 -2.55434983e+02  3.55538510e+02
 -9.49216194e+00  1.58802378e+02 -2.40076787e+02  1.02136959e+03
 -1.04612512e+03  2.13087828e+02 -8.94830841e+01 -1.03666537e+01
  3.90675352e+02 -1.11829862e+03  9.77737585e+02 -2.30658114e+02
  2.02585205e+01 -1.58208250e+02  4.85643349e+02 -6.94382159e+02
  6.44695537e+02 -3.51239947e+02  7.48384592e+01 -2.03915479e+00
  1.08173135e+01  1.22180755e+02 -4.23021840e+02  4.89714692e+02
 -2.51373935e+02  5.54983145e+01 -4.47344430e+00  8.55554328e-01]
beta_min: [-1.32686589e+02 -1.06925246e+02 -4.84393076e+02 -1.21011464e+02
 -4.13444068e+02 -7.77648751e+02 -3.64518171e+02  4.51128288e+01
 -4.66551302e+02 -3.08906215e+02 -3.49159975e+02  7.26291514e+02
 -1.44372687e+03 -9.97366910e+01 -2.68904986e+02 -1.22539529e+02
  8.02496783e+01 -1.51590036e+03  6.92775691e+02 -3.52558245e+02
 -1.65006989e+01 -2.78131172e+02  1.25581924e+02 -1.15144123e+03
  3.31871047e+02 -4.73140072e+02  4.79994751e+01 -5.65653160e+00
 -1.35516347e+02 -3.70145442e+02 -1.09089424e+03  2.20063923e+01
 -4.30795730e+02  1.87391120e+01 -8.09082028e+00  7.04266953e-01]
beta_max: [ 1.59980870e+02  1.32920640e+02  5.00259853e+02  1.03334291e+02
  3.06678908e+02  5.58096861e+02 -1.46351795e+02  6.65964192e+02
  4.47566978e+02  6.26510972e+02 -1.30993599e+02  1.31644767e+03
 -6.48523360e+02  5.25912348e+02  8.99388174e+01  1.01806222e+02
  7.01101026e+02 -7.20696872e+02  1.26269948e+03 -1.08757983e+02
  5.70177399e+01 -3.82853282e+01  8.45704773e+02 -2.37323085e+02
  9.57520026e+02 -2.29339822e+02  1.01677443e+02  1.57822203e+00
  1.57150974e+02  6.14506951e+02  2.44850563e+02  9.57422992e+02
 -7.19521395e+01  9.22575170e+01 -8.56068319e-01  1.00684170e+00]
