beta_ridge: [  4.23745533   3.91982953  -8.18122403 -10.8432613    3.97615955
  -5.68993281  -1.64783805   0.9401349    3.0542396    5.89581801
   6.76376373   2.74397765   3.70478282  -4.01091081  11.46171036
   5.54851303  -1.85926694  -5.96160054   0.2997951  -13.15741289
  -3.24783235   3.73928514  -4.96077683  -8.63390253  -4.69657606
  16.27618459   6.15313599  -7.77913348   4.58062628  -0.84350088
  -1.83267595  -1.50312824  -3.06545695   6.01486979  -3.64148454
   2.77562273   8.44858839 -10.87433419 -10.74336651   4.15238113
  16.16908874   1.2507958  -13.13004687   3.84719575   0.62808288]
beta_min: [ -3.77690975  -5.80610757 -22.41343564 -22.7271141  -10.46655105
 -19.37708638 -14.94611968 -13.86670698 -11.10229236  -7.83178729
  -6.89923091 -12.80606417 -10.94448271 -17.94485751  -1.72335703
  -7.7497686  -17.40930876 -20.84635326 -13.76099916 -25.90746539
 -13.7100389   -8.14456767 -19.76761872 -23.28316807 -18.75737033
   3.96361455  -2.96448162 -12.30661089  -5.14531082 -15.28621148
 -15.98920792 -15.43707495 -15.81550945  -3.10274782  -7.47595904
   1.82153388   0.43422331 -25.10654579 -24.43052007  -9.57522417
   2.98402136  -9.21141075 -17.65752427   2.89310691   0.53913436]
beta_max: [12.25182041 13.64576663  6.05098757  1.04059151 18.41887016  7.99722076
 11.65044358 15.74697678 17.21077156 19.62342331 20.42675837 18.29401947
 18.35404836  9.92303589 24.64677774 18.84679466 13.69077488  8.92315219
 14.36058937 -0.40736039  7.2143742  15.62313795  9.84606505  6.015363
  9.36421821 28.58875463 15.2707536  -3.25165608 14.30656339 13.59920973
 12.32385601 12.43081846  9.68459555 15.1324874   0.19298996  3.72971157
 16.46295347  3.35787742  2.94378706 17.87998643 29.35415613 11.71300235
 -8.60256946  4.8012846   0.7170314 ]
