beta_lin: [ -40.18508921  -64.47904083  205.36918056  -29.21550084  192.6555011
 -396.68078031 -141.14731406  264.22067092 -266.3470457   367.36241471
 -186.547945    676.08068597 -723.35900218  281.53885411 -167.31160046
  -22.81622017  370.58317808 -879.18583077  730.07878938 -201.9228941
   33.5681392  -141.20911287  460.66171966 -698.67412831  625.13781532
 -310.8675678    65.11505266   -2.83566936  -38.55306434  281.11580703
 -634.26366764  643.9019278  -317.59442262   70.64106962   -5.9541401
    0.93761304]
beta_min: [-6.64208773e+01 -8.72033457e+01  1.13534318e+02 -5.12596408e+01
  1.21495700e+02 -5.27059274e+02 -1.62975132e+02  2.00518234e+02
 -3.61498583e+02  2.70988408e+02 -2.08375763e+02  6.14713102e+02
 -8.09109164e+02  2.12270261e+02 -2.06871227e+02 -4.48603609e+01
  3.06880739e+02 -9.64935995e+02  6.65349295e+02 -2.30962830e+02
  2.46838788e+01 -1.63933416e+02  3.89501923e+02 -7.93825662e+02
  5.55869222e+02 -3.39907504e+02  5.81537707e+01 -3.83955221e+00
 -6.47888602e+01  1.89280917e+02 -7.64642198e+02  5.47527899e+02
 -3.57154055e+02  6.17568089e+01 -6.95802293e+00  8.87066763e-01]
beta_max: [-1.39493011e+01 -4.17547360e+01  2.97204043e+02 -7.17136089e+00
  2.63815303e+02 -2.66302287e+02 -1.19319496e+02  3.27923107e+02
 -1.71195508e+02  4.63736421e+02 -1.64720127e+02  7.37448270e+02
 -6.37608840e+02  3.50807448e+02 -1.27751974e+02 -7.72079473e-01
  4.34285617e+02 -7.93435666e+02  7.94808284e+02 -1.72882959e+02
  4.24523996e+01 -1.18484810e+02  5.31821517e+02 -6.03522594e+02
  6.94406408e+02 -2.81827632e+02  7.20763346e+01 -1.83178651e+00
 -1.23172685e+01  3.72950697e+02 -5.03885138e+02  7.40275956e+02
 -2.78034790e+02  7.95253304e+01 -4.95025727e+00  9.88159318e-01]
