beta_ridge: [ -2.05225366   3.45057265   5.67376777  -8.80938622  -3.92298378
   1.2079622    3.16338038   7.45728336   0.90426805  -7.49683398
  -3.97639137  -1.33271417   4.41775878  -1.74078264   2.55873697
  -9.35886213  10.75330086   7.58892454 -13.00729155   3.34056661
   0.61814037]
beta_min: [ -7.68732766  -3.39204733  -5.60691868 -16.31841331 -14.93568876
  -8.23358324  -4.34564672  -3.0740219   -7.41276994 -11.90904276
 -10.81901136 -12.34541915  -3.89927921  -5.41470418   1.50296223
 -14.99393613  -0.5273856   -1.85262089 -17.41950033   2.28479187
   0.50640423]
beta_max: [ 3.58282034 10.29319264 16.95445422 -1.30035913  7.08972119 10.64950763
 10.67240747 17.98858862  9.22130603 -3.08462519  2.86622862  9.6799908
 12.73479677  1.9331389   3.61451171 -3.72378813 22.03398731 17.03046998
 -8.59508276  4.39634135  0.7298765 ]
