beta_ridge: [ 10.63295287  -7.95992581 -23.05586373  -4.1018855   15.51706185
  -0.44691414   8.16984766   2.28045236   9.28214998  25.13879159
   3.10449944 -11.0958991  -11.3592165  -25.02273755  -8.04694684
   8.63081912  -3.56511871 -11.99770663  25.17850735   8.2294322
  -7.67249803   3.36392043  -4.65581795  -0.82498267  -8.11390217
  11.44918681  -5.99892907   3.13258161  17.92250382 -32.92612948
  -7.1047217   34.40044058  -1.44972797 -16.46437712   5.14873069
   0.5166084 ]
beta_min: [  5.18399603 -14.73428758 -35.66962939 -13.0727564    2.42209777
 -13.18836651  -2.57933412 -11.26792297  -3.59050904  12.79959818
  -7.64468234 -24.64078365 -24.01331931 -36.2950832  -16.68183282
  -0.34005179 -17.11349403 -24.65180943  14.42591052   0.9406598
 -10.91444425  -3.41044134 -17.75078202 -13.69764169 -19.38624782
   4.16041441  -8.73743834   2.52575062  12.47354698 -45.53989513
 -19.84617409  22.06124715 -10.08461395 -19.70632334   4.5418997
   0.46511432]
beta_max: [ 16.08190971  -1.18556404 -10.44209808   4.8689854   28.61202592
  12.29453822  18.91902944  15.82882768  22.154809    37.47798501
  13.85368122   2.44898545   1.2948863  -13.7503919    0.58793914
  17.60169002   9.98325662   0.65639618  35.93110419  15.51820461
  -4.4305518   10.1382822    8.43914612  12.04767635   3.15844347
  18.73795922  -3.26041981   3.7394126   23.37146066 -20.31236383
   5.63673068  46.73963401   7.18515801 -13.22243089   5.75556168
   0.56810248]
