beta_ridge: [-16.52254283  16.65805146  29.35428986  -5.53534954 -29.51429248
  -8.21118581  10.10489994  -6.69246283  20.13642254  -8.60842499
  19.11706316 -53.29295886  44.06958926 -14.82911028   3.77871822
   1.36335529 -23.55677504  48.42954432 -34.48112667   7.8945391
   0.38784505]
beta_min: [-17.12451195  16.13233423  27.82642558  -6.04865523 -30.68539337
  -9.66945233   9.59159425  -7.78276859  19.05210669  -9.25699736
  18.59134594 -54.46405975  42.98527342 -15.33682439   3.64400694
   0.76138617 -25.08463932  46.9712778  -35.12969904   7.75982781
   0.37572077]
beta_max: [-15.92057371  17.18376869  30.88215415  -5.02204385 -28.34319159
  -6.75291929  10.61820564  -5.60215708  21.22073838  -7.95985262
  19.64278039 -52.12185797  45.15390511 -14.32139617   3.9134295
   1.96532441 -22.02891075  49.88781084 -33.83255431   8.02925038
   0.39996933]
