beta_lin: [-16.79562954  16.89930647  29.95199834  -7.26720459 -28.15719108
  -8.97959289   8.89912397  -2.38405697  16.95789843  -7.83245325
  17.95573494 -49.07492481  38.72113105 -12.21668226   3.33062492
  -1.11114213 -16.63433752  40.75129002 -30.34153291   6.84860137
   0.4898084 ]
beta_min: [-20.10829281  14.02988198  21.67355602 -10.06073662 -34.45357084
 -16.73173504   6.10559194  -8.23439224  11.2342455  -11.19655709
  15.08631045 -55.37130457  32.99747813 -14.83665943   2.65501415
  -4.4238054  -24.91277984  32.99914787 -33.70563675   6.17299061
   0.43171579]
beta_max: [-13.48296627  19.76873096  38.23044066  -4.47367255 -21.86081132
  -1.22745074  11.69265601   3.4662783   22.68155135  -4.46834942
  20.82515943 -42.77854505  44.44478398  -9.59670508   4.00623568
   2.20152114  -8.3558952   48.50343217 -26.97742908   7.52421213
   0.54790102]
