beta_ridge: [ -7.64884607  -1.76824845   2.47813687   8.30816886  -2.53714432
   7.78559311  -0.51990364   3.01275038  -2.34513182   7.82441174
   0.28028954  -4.17281719  -0.476793    -1.41454771   3.09403821
   2.95873683  -1.88311829  -5.32936463  -2.17285748   0.14256916
  -4.42290433   3.40623182   0.62516523  -1.44948207  -4.11934393
  -2.26621974   2.32260375 -10.93377132   1.1663634    0.09809836
   0.71276117   1.16863191  -1.24159391  -1.32179186   4.98494743
 -11.39478327  -2.49318611  -2.44161612  -0.59610154   2.63568563
   4.6892703    1.67829866  -0.54470148   7.13369884  -2.19130034
  -5.25310762  -4.21844857  -2.33155356   0.84236221   4.79912325
   6.62345368   1.95380213  -1.72465691   5.81281839  12.85569096
  -4.6970918   -2.34202657  -0.61220167   0.84066809   2.54275936
   4.29888904   3.65843634  -2.91236133  -5.30845535  -3.41473035
  16.00704716  -1.67141417   2.6103407    4.9018948    4.94233186
   3.13291077   0.51773634  -1.96881147  -5.01321178  -9.69659532
  -3.05690978 -16.64964445 -10.70864605  -3.99538918   2.33077983
   6.12932217   6.58146258   3.57424768  -1.83480429  -7.25177736
  -9.71312652  -7.61920222   0.09257003  29.33679448   4.66537592
  -5.81056733  -7.08553451  -1.21987646   2.85234343   4.29554172
   2.86384762  -0.59836186  -3.8214546   -3.64457583   1.33173928
   5.53971694  -2.87026694  -0.03118011  -3.04049229   2.86536138
  -5.01773209   1.67739255   5.98618511   6.73416881   3.38865288
  -3.23846572 -10.2495252  -12.50998924  -4.60530857  12.59375049
  20.69237743 -10.19819552  -9.51490383   3.97271141   0.54966887]
beta_min: [-17.89941021 -13.8283638  -12.85191765  -5.62262402 -18.00695167
  -7.96996248 -15.74160712 -12.9687572  -18.4489942   -7.75814757
 -15.44999492 -20.89481882 -16.86010174 -17.49905061 -12.60669853
 -12.9889616  -18.92476364 -22.24387034 -18.60613966 -15.91407164
 -20.21909067 -12.65118852 -16.52825539 -18.65270741 -20.97578135
 -18.74781527 -13.69625105 -26.50970037 -14.93040771 -17.11112683
 -16.57181806 -15.98702285 -18.10267935 -17.76102928 -10.86442824
 -26.65861828 -18.55060644 -19.6508413  -17.90650731 -14.56297131
 -12.456836   -15.14933166 -16.75220952  -8.42898849 -17.14732337
 -21.20080605 -21.37186919 -19.61613279 -16.35629473 -12.34003619
 -10.43636957 -14.66525725 -17.599302    -9.32265774  -1.34867481
 -20.42737626 -19.38367192 -17.81542702 -16.31498668 -14.60334694
 -12.76093421 -13.180229   -19.22715469 -20.80107989 -17.81080165
   2.59610097 -16.89311765 -14.11166092 -12.01261091 -11.91410556
 -13.72817467 -16.30989398 -18.58787085 -21.32800514 -25.33249553
 -17.3697525  -29.35055383 -20.24473708 -17.92618205 -13.65072776
 -10.25398657  -9.8518196  -12.90734785 -18.2740417  -23.45928539
 -25.58777161 -23.11182677 -14.22027268  17.0780165   -3.46772833
  -9.47789332 -19.14564986 -16.6896838  -13.25151895 -11.78896118
 -13.19279319 -16.61721666 -19.67083027 -19.20726316 -13.80373684
  -8.85635435 -15.57117631  -8.16428436  -6.11760973   2.18844935
 -15.26829623 -13.65266197  -9.76937047  -8.84839049 -12.31208386
 -19.03465206 -25.82545425 -27.77382424 -19.56133159  -1.61061531
   7.28143122 -19.73428656 -13.18222982   3.29579937   0.4950456 ]
beta_max: [ 2.60171806e+00  1.02918669e+01  1.78081914e+01  2.22389617e+01
  1.29326630e+01  2.35411487e+01  1.47017998e+01  1.89942580e+01
  1.37587306e+01  2.34069710e+01  1.60105740e+01  1.25491844e+01
  1.59065157e+01  1.46699552e+01  1.87947750e+01  1.89064353e+01
  1.51585271e+01  1.15851411e+01  1.42604247e+01  1.61992100e+01
  1.13732820e+01  1.94636522e+01  1.77785859e+01  1.57537433e+01
  1.27370935e+01  1.42153758e+01  1.83414586e+01  4.64215772e+00
  1.72631345e+01  1.73073235e+01  1.79973404e+01  1.83242867e+01
  1.56194915e+01  1.51174456e+01  2.08343231e+01  3.86905174e+00
  1.35642342e+01  1.47676091e+01  1.67143042e+01  1.98343426e+01
  2.18353766e+01  1.85059290e+01  1.56628065e+01  2.26963862e+01
  1.27647227e+01  1.06945908e+01  1.29349721e+01  1.49530257e+01
  1.80410191e+01  2.19382827e+01  2.36832769e+01  1.85728615e+01
  1.41499882e+01  2.09482945e+01  2.70600567e+01  1.10331927e+01
  1.46996188e+01  1.65910237e+01  1.79963228e+01  1.96888657e+01
  2.13587123e+01  2.04971017e+01  1.34024320e+01  1.01841692e+01
  1.09813409e+01  2.94179934e+01  1.35502893e+01  1.93323423e+01
  2.18164005e+01  2.17987693e+01  1.99939962e+01  1.73453667e+01
  1.46502479e+01  1.13015816e+01  5.93930489e+00  1.12559329e+01
 -3.94873508e+00 -1.17255501e+00  9.93540369e+00  1.83122874e+01
  2.25126309e+01  2.30147448e+01  2.00558432e+01  1.46044331e+01
  8.95573067e+00  6.16151858e+00  7.87342232e+00  1.44054127e+01
  4.15955725e+01  1.27984802e+01 -2.14324133e+00  4.97458084e+00
  1.42499309e+01  1.89562058e+01  2.03800446e+01  1.89204884e+01
  1.54204929e+01  1.20279211e+01  1.19181115e+01  1.64672154e+01
  1.99357882e+01  9.83064244e+00  8.10192414e+00  3.66251494e-02
  3.54227342e+00  5.23283204e+00  1.70074471e+01  2.17417407e+01
  2.23167281e+01  1.90893896e+01  1.25577206e+01  5.32640385e+00
  2.75384576e+00  1.03507144e+01  2.67981163e+01  3.41033236e+01
 -6.62104492e-01 -5.84757783e+00  4.64962344e+00  6.04292148e-01]
