beta_lin: [ 4.15951441e+03 -9.11489204e+03 -1.76141788e+04 -4.81069324e+03
  4.38964284e+04  2.97974213e+04 -8.80637698e+03  2.95122845e+04
 -9.14160990e+04 -2.46708332e+04 -1.61735007e+03  3.35835380e+04
 -6.91562122e+04  1.07501863e+05  8.76195518e+03  1.42602462e+03
  3.13988900e+03 -5.08238676e+04  8.21865998e+04 -7.77717735e+04
  8.56471150e+02 -9.75759847e+03  2.43532665e+04 -3.10609029e+04
  5.30120666e+04 -5.67548598e+04  3.52832566e+04 -1.79845138e+03
 -1.78104094e+03  2.42584893e+04 -5.73822919e+04  6.07775134e+04
 -4.41626901e+04  2.49656916e+04 -9.77720738e+03  5.82041511e+02
  5.05898878e+03 -1.67260442e+04  1.02773430e+04  1.80428410e+04
 -3.04130467e+04  1.92383557e+04 -6.66178515e+03  1.48535074e+03
 -7.83227077e+01  2.36331555e+03 -1.33689498e+04  2.95171073e+04
 -3.12970067e+04  1.49563412e+04 -7.34861208e+02 -2.05865786e+03
  6.99993315e+02 -8.31327581e+01  3.79109327e+00 -5.49859094e+03
  2.39381283e+04 -4.37301827e+04  4.36216012e+04 -2.59138870e+04
  9.36368553e+03 -2.00080113e+03  2.34185671e+02 -1.69085131e+01
  1.25672111e+00  7.70045065e-01]
beta_min: [-3.79589040e+03 -1.93965608e+04 -5.41870716e+04 -1.40239472e+04
 -2.28898169e+03 -4.33227660e+04 -1.71823520e+04 -8.92394373e+03
 -1.82405009e+05 -1.08816163e+05 -9.68323139e+03  1.05036304e+02
 -1.42493101e+05  4.98267043e+03 -5.31801983e+04 -6.57319852e+03
 -2.87998851e+04 -1.16319343e+05 -2.37161603e+02 -1.49918197e+05
 -2.94311988e+04 -1.78345022e+04 -7.62097626e+03 -9.53507648e+04
 -2.37657242e+04 -1.16028244e+05  2.67676589e+03 -1.15276741e+04
 -1.02016498e+04 -9.42259748e+03 -1.23181064e+05 -1.61837281e+04
 -1.01579272e+05 -3.04524631e+03 -1.92132774e+04 -1.36036726e+03
 -4.25805564e+03 -5.57044648e+04 -6.41450746e+04 -6.54497747e+04
 -9.02247790e+04 -8.89644149e+03 -1.52865998e+04 -2.16697866e+02
 -2.94764465e+02 -8.11672959e+03 -6.04995573e+04 -6.33583790e+04
 -1.35880520e+05 -5.85399414e+04 -3.38696075e+04 -1.16077172e+04
 -1.01205893e+03 -2.63196034e+02 -7.21192533e+00 -1.87140098e+04
 -3.89508581e+04 -1.72274163e+05 -1.04066120e+05 -1.30727531e+05
 -3.81658420e+04 -1.57457681e+04 -2.20973373e+03 -2.61612125e+02
 -1.01786918e+01  5.76409618e-01]
beta_max: [ 1.21149192e+04  1.16677674e+03  1.89587140e+04  4.40256074e+03
  9.00818386e+04  1.02917609e+05 -4.30401919e+02  6.79485128e+04
 -4.27189095e+02  5.94744960e+04  6.44853126e+03  6.70620398e+04
  4.18067683e+03  2.10021056e+05  7.07041086e+04  9.42524776e+03
  3.50796631e+04  1.46716074e+04  1.64610361e+05 -5.62534999e+03
  3.11441411e+04 -1.68069478e+03  5.63275093e+04  3.32289590e+04
  1.29789857e+05  2.51852478e+03  6.78897472e+04  7.93077130e+03
  6.63956789e+03  5.79395760e+04  8.41647966e+03  1.37738755e+05
  1.32538915e+04  5.29766295e+04 -3.41137382e+02  2.52445029e+03
  1.43760332e+04  2.22523764e+04  8.46997605e+04  1.01535457e+05
  2.93986855e+04  4.73731529e+04  1.96302952e+03  3.18739935e+03
  1.38119050e+02  1.28433607e+04  3.37616577e+04  1.22392594e+05
  7.32865062e+04  8.84526238e+04  3.23998851e+04  7.49040151e+03
  2.41204556e+03  9.69305174e+01  1.47941119e+01  7.71682792e+03
  8.68271148e+04  8.48137973e+04  1.91309323e+05  7.88997567e+04
  5.68932130e+04  1.17441658e+04  2.67810507e+03  2.27795099e+02
  1.26921341e+01  9.63680513e-01]
