beta_lin: [ 3.96190051e+01 -7.86121043e+00 -1.47541380e+02 -2.57278633e+01
  5.43137073e+01  1.90338090e+02  8.28194344e+01 -5.95467363e+01
 -4.83728458e+01 -1.00538892e+02  8.05072231e+01 -2.52755089e+02
  1.93788179e+02 -1.61025845e+01  1.78123170e+01  3.47817202e+01
 -1.41221757e+02  2.02158905e+02 -1.12372885e+02  1.79866455e+01
 -3.98688434e-01  2.47856437e+02 -7.04625998e+02  7.49868740e+02
 -3.61017148e+02  7.22406586e+01 -4.13221996e+00  8.02015271e-01]
beta_min: [-7.09581846e+01 -8.51260302e+01 -4.48935696e+02 -9.21854936e+01
 -1.30300757e+02 -1.25902192e+02  1.93643710e+01 -2.07478373e+02
 -2.27819132e+02 -2.60475398e+02  1.40495928e+01 -4.00686725e+02
  4.12845853e+01 -1.05358259e+02 -2.18126580e+01 -4.24830995e+01
 -3.25836222e+02  2.27126191e+01 -2.01628559e+02 -5.97303923e+00
 -4.67971243e+00  1.37279248e+02 -1.00602031e+03  4.33628459e+02
 -5.20953654e+02  3.26156836e+01 -8.41324396e+00  6.20963225e-01]
beta_max: [ 1.50196195e+02  6.94036093e+01  1.53852935e+02  4.07297671e+01
  2.38928172e+02  5.06578371e+02  1.46274498e+02  8.83849006e+01
  1.31073440e+02  5.93976145e+01  1.46964853e+02 -1.04823452e+02
  3.46291772e+02  7.31530896e+01  5.74372921e+01  1.12046540e+02
  4.33927075e+01  3.81605190e+02 -2.31172107e+01  4.19463302e+01
  3.88233556e+00  3.58433627e+02 -4.03231683e+02  1.06610902e+03
 -2.01080642e+02  1.11865634e+02  1.48804029e-01  9.83067318e-01]
