beta_ridge: [ 14.72988779  -7.46079129 -17.04559972  -5.63315681   6.93119514
 -15.38203931   3.52017047   2.18685486  13.18032386   9.21135471
   0.62718676   5.54329927  -1.9222678    1.11460418  22.38961397
  -4.56010079   4.73752644  -8.65814123  -8.99360881 -22.18155885
 -10.57652389   5.91661407   5.36422867  -5.38299935 -12.44268684
  24.73360085   9.07477332  -6.67511249  -0.749766     0.15328797
   0.13921488  -1.32701021  -8.64823086  11.4917165   -6.3050072
   3.06835532  17.76531723 -17.67127113 -20.65143119   5.88460257
  28.79009231  -5.2836187  -14.05654727   4.81432454   0.5242525 ]
beta_min: [  8.40573839 -15.53236917 -30.60306633 -15.86464615  -7.18744629
 -28.74499172  -8.55054059 -12.24964215  -0.54476176  -4.30681198
 -12.28023383  -9.50292331 -16.18876295 -12.59321639   9.85808872
 -16.63081185 -10.30869614 -22.9825501  -22.52576968 -33.83131334
 -19.31771587  -4.31487527  -9.07226833 -19.6494945  -25.97484772
  13.52682223   1.75567791 -10.05953841  -8.82134388 -13.96535346
 -13.58587074 -15.03483078 -20.29798534   4.17262109  -9.12460505
   2.43075277  11.44116784 -31.22873772 -34.01438359  -7.63356415
  16.25856704 -14.02481068 -17.44097319   4.17672198   0.47122435]
beta_max: [ 21.05403718   0.61078659  -3.48813311   4.59833253  21.04983657
  -2.0190869   15.59088154  16.62335186  26.90540947  22.7295214
  13.53460736  20.58952185  12.34422735  14.82242475  34.92113922
   7.51061028  19.78374902   5.66626764   4.53855207 -10.53180436
  -1.83533191  16.1481034   19.80072568   8.8834958    1.08947404
  35.94037947  16.39386872  -3.29068657   7.32181188  14.2719294
  13.86430049  12.38081036   3.00152363  18.81081191  -3.48540935
   3.70595787  24.08946662  -4.11380453  -7.28847879  19.40276929
  41.32161757   3.45757329 -10.67212134   5.45192709   0.57728066]
