beta_lin: [-2.74991767e+02 -3.31808243e+02  1.05515680e+03 -9.53718932e+01
  9.73855752e+02 -1.63639899e+03 -1.05481250e+01  2.03098864e+02
 -1.05011686e+03  1.28724685e+03 -1.95268661e+02  4.53289650e+02
 -4.50890371e+02  5.69320238e+02 -5.23075748e+02  3.51882659e+01
  2.64946317e+02 -6.75745605e+02  5.08272656e+02 -2.02882161e+02
  9.73862391e+01  1.11963348e+02 -2.99188761e+02  1.45879145e+02
  1.67694239e+02 -1.64046990e+02  4.26215491e+01 -6.14878796e+00
  1.60288371e+02 -3.07435439e+02  6.18047517e+01  2.21200996e+02
 -1.75353609e+02  4.28821299e+01 -2.85970919e+00  8.35836367e-01]
beta_min: [-8.92766484e+02 -7.16788627e+02 -9.01656558e+02 -4.00787914e+02
 -1.04094109e+02 -4.11334942e+03 -2.85316605e+02 -5.80633150e+02
 -2.29055814e+03 -3.09386922e+02 -4.70037140e+02 -2.49029175e+02
 -1.36513289e+03 -1.80583057e+02 -1.07376668e+03 -2.70227747e+02
 -5.18785675e+02 -1.58998811e+03 -9.42270377e+01 -4.54937767e+02
  7.03311671e-01 -2.73017011e+02 -1.37713857e+03 -1.09456211e+03
 -5.82209048e+02 -4.16102596e+02 -5.15709296e+00 -1.33506537e+01
 -4.57485709e+02 -2.26424676e+03 -2.41514314e+03 -1.37543127e+03
 -7.26044099e+02 -5.38007430e+01 -1.00615731e+01  6.46587959e-01]
beta_max: [3.42782951e+02 5.31721405e+01 3.01197016e+03 2.10044128e+02
 2.05180561e+03 8.40551427e+02 2.64220355e+02 9.86830878e+02
 1.90324428e+02 2.88388063e+03 7.94998177e+01 1.15560847e+03
 4.63352148e+02 1.31922353e+03 2.76151805e+01 3.40604279e+02
 1.04867831e+03 2.38496903e+02 1.11077235e+03 4.91734461e+01
 1.94069167e+02 4.96943707e+02 7.78761051e+02 1.38632040e+03
 9.17597527e+02 8.80086163e+01 9.04001911e+01 1.05307779e+00
 7.78062451e+02 1.64937588e+03 2.53875265e+03 1.81783326e+03
 3.75336881e+02 1.39565003e+02 4.34215472e+00 1.02508478e+00]
