beta_lin: [-4.00460078e+01 -9.77725498e+01  2.27225026e+02 -7.00500897e-01
  2.54186279e+02 -4.48573413e+02 -1.33558279e+02  1.81594757e+02
 -2.81310387e+02  4.08195186e+02 -1.70369813e+02  6.19930259e+02
 -6.06850234e+02  2.45130727e+02 -1.78038304e+02 -3.75581145e+01
  3.64734167e+02 -8.03804759e+02  6.33660431e+02 -1.67525812e+02
  3.26730531e+01 -1.13102121e+02  3.87399192e+02 -6.05248557e+02
  5.40792767e+02 -2.61770543e+02  5.22363156e+01 -2.03517079e+00
  2.99804314e+01  1.86793208e+01 -2.36349367e+02  3.40219360e+02
 -1.94724234e+02  4.51359214e+01 -3.56357041e+00  8.63577960e-01]
beta_min: [-9.36406070e+01 -1.43856658e+02  4.15368741e+01 -4.51890367e+01
  1.11394853e+02 -7.09119422e+02 -1.77503742e+02  5.44052670e+01
 -4.69868297e+02  2.18255073e+02 -2.14315277e+02  4.97620585e+02
 -7.76003576e+02  1.09856095e+02 -2.54679685e+02 -8.20466512e+01
  2.37544675e+02 -9.72958102e+02  5.07655553e+02 -2.23255912e+02
  1.58467417e+01 -1.59186230e+02  2.44607765e+02 -7.93806470e+02
  4.05518133e+02 -3.17500643e+02  3.91595066e+01 -3.87555948e+00
 -2.36141991e+01 -1.67008949e+02 -4.96895549e+02  1.50279125e+02
 -2.71365657e+02  2.83096035e+01 -5.40395939e+00  7.74943468e-01]
beta_max: [ 1.35485913e+01 -5.16884415e+01  4.12913178e+02  4.37880349e+01
  3.96977704e+02 -1.88027403e+02 -8.96128155e+01  3.08784247e+02
 -9.27524782e+01  5.98135299e+02 -1.26424350e+02  7.42239933e+02
 -4.37696892e+02  3.80405359e+02 -1.01396923e+02  6.93042215e+00
  4.91923659e+02 -6.34651416e+02  7.59665309e+02 -1.11795712e+02
  4.94993644e+01 -6.70180127e+01  5.30190620e+02 -4.16690644e+02
  6.76067401e+02 -2.06040442e+02  6.53131245e+01 -1.94782095e-01
  8.35750619e+01  2.04367590e+02  2.41968149e+01  5.30159596e+02
 -1.18082810e+02  6.19622394e+01 -1.72318142e+00  9.52212451e-01]
