beta_lin: [ 4.74483322e-16  2.88447978e-17 -7.01304064e-17 -1.61893765e-17
  5.66371026e-18  7.66646019e-18  1.45976058e-17 -6.57740593e-17
 -2.82310913e-17  2.95567313e-17 -4.77084024e-18 -2.81342087e-18
 -1.43882402e-17 -2.98628691e-17 -2.71380795e-18  5.49002176e-19
  7.56336423e-18  5.12628068e-19  1.52002246e-21  3.13606881e-24
  6.91668762e-27 -4.57287022e-20  3.36178233e-17  2.27715123e-18
  7.16327948e-21  1.59070269e-23  3.04101920e-26  4.47667282e-29
  2.54493829e-21 -3.58319306e-18  1.80797048e-17  4.84806508e-20
  9.44237744e-23  1.67562253e-25  2.90184751e-28  4.62580470e-31
 -9.33897022e-23  6.32898035e-20  1.94207289e-16  4.40025413e-19
  7.18433667e-22  1.07908494e-24  1.64046403e-27  2.64065228e-30
  4.41797652e-33]
beta_min: [ 4.74466645e-16  2.88327618e-17 -7.01357507e-17 -1.61995744e-17
  5.65906939e-18  7.66084146e-18  1.45935627e-17 -6.57758956e-17
             nan  2.95517093e-17 -4.77170898e-18             nan
             nan             nan             nan  5.48911358e-19
  7.55933443e-18             nan -1.00539605e-20 -1.12187822e-20
             nan -4.57337815e-20  3.36140502e-17  2.26661258e-18
 -5.05808671e-21 -1.20336598e-20 -9.58802125e-21             nan
  2.54466529e-21 -3.58362228e-18  1.80725496e-17  3.60358848e-20
 -1.13409217e-20 -9.59210726e-21 -1.26829835e-20 -1.22718940e-20
 -9.33976127e-23  6.32713211e-20  1.94195552e-16  4.27580806e-19
 -1.04829928e-20 -1.26937207e-20 -1.26587853e-20 -1.22718735e-20
 -1.27545917e-20]
beta_max: [ 4.74499999e-16  2.88568339e-17 -7.01250620e-17 -1.61791787e-17
  5.66835113e-18  7.67207892e-18  1.46016490e-17 -6.57722230e-17
             nan  2.95617532e-17 -4.76997151e-18             nan
             nan             nan             nan  5.49092995e-19
  7.56739402e-18             nan  1.30940054e-20  1.12250543e-20
             nan -4.57236230e-20  3.36215963e-17  2.28768989e-18
  1.93846457e-20  1.20654739e-20  9.58808207e-21             nan
  2.54521129e-21 -3.58276384e-18  1.80868600e-17  6.09254168e-20
  1.15297692e-20  9.59244238e-21  1.26829841e-20  1.22718940e-20
 -9.33817917e-23  6.33082859e-20  1.94219025e-16  4.52470020e-19
  1.19198602e-20  1.26958788e-20  1.26587886e-20  1.22718736e-20
  1.27545917e-20]
