beta_ridge: [ 5.39660187e-09  1.46288927e-09 -3.64317364e-06 -5.05031781e-11
 -4.78554818e-07  8.70859608e-04  4.67095100e-12 -7.57306691e-09
  6.83586060e-05 -9.11335535e-02 -9.59033758e-13  2.46078905e-09
 -1.22541106e-07 -5.28352919e-03  4.05624661e+00 -3.11445764e-14
  2.93642448e-10 -5.87527440e-07  2.17867468e-04  5.31970127e-01
  1.65732587e+02]
beta_min: [ 5.38222388e-09  1.46162577e-09 -3.64981104e-06 -5.06276882e-11
 -4.79067501e-07  8.69707609e-04  4.65837695e-12 -7.62133312e-09
  6.82720688e-05 -9.12267028e-02 -9.60335048e-13  2.45554509e-09
 -1.31310413e-07 -5.29092853e-03  4.05272689e+00 -3.12955795e-14
  2.92949053e-10 -5.88724698e-07  2.16904574e-04  5.31609045e-01
  1.65674454e+02]
beta_max: [ 5.41097986e-09  1.46415277e-09 -3.63653624e-06 -5.03786680e-11
 -4.78042135e-07  8.72011607e-04  4.68352505e-12 -7.52480069e-09
  6.84451433e-05 -9.10404042e-02 -9.57732468e-13  2.46603301e-09
 -1.13771800e-07 -5.27612985e-03  4.05976633e+00 -3.09935733e-14
  2.94335842e-10 -5.86330182e-07  2.18830361e-04  5.32331209e-01
  1.65790719e+02]
