beta_lin: [ 3.63094814e-06  5.78608458e-07 -2.00617375e-03 -1.15827475e-08
  5.79895490e-05  5.10719155e-02 -1.18116295e-09  3.75433618e-06
 -5.65466883e-03  1.41641659e+00  7.05819322e-11 -5.73900361e-08
 -1.95689678e-04  4.82166631e-01  2.03352475e+02]
beta_min: [ 2.86006086e-06  5.64491659e-07 -2.06507777e-03 -1.18743247e-08
  5.70366530e-05  4.94853280e-02 -1.18741988e-09  3.73408090e-06
 -5.68131473e-03  1.39838619e+00  7.04307155e-11 -5.79510999e-08
 -1.96422958e-04  4.81765636e-01  2.03264666e+02]
beta_max: [ 4.40183542e-06  5.92725257e-07 -1.94726972e-03 -1.12911704e-08
  5.89424450e-05  5.26585031e-02 -1.17490601e-09  3.77459146e-06
 -5.62802294e-03  1.43444699e+00  7.07331490e-11 -5.68289722e-08
 -1.94956399e-04  4.82567627e-01  2.03440284e+02]
