beta_lin: [ 3.87347258e-18  5.85936913e-21 -9.58025785e-22  4.99523780e-21
 -5.76054985e-21 -2.95680733e-21  5.40710435e-21 -1.40485240e-20
 -1.27412184e-20  9.90320119e-21 -5.01294922e-21 -2.78849530e-21
 -1.91021753e-21  7.84589918e-21 -1.17271099e-20  2.53951249e-22
  8.67813897e-21  1.85105282e-23  3.58298636e-26  4.26502635e-28
 -7.47341774e-28  2.51699685e-23  2.63865579e-20  1.11860791e-22
  2.35100503e-25  4.24616303e-28  5.34777054e-28  7.22611563e-28
 -1.29968362e-23  1.62269348e-20  6.66522522e-22  1.56426166e-24
  2.69260178e-27  3.70924445e-30  4.35692849e-33 -1.43287499e-37
  1.19455841e-24 -1.92306887e-21  6.65540148e-21  1.47733132e-23
  2.29294212e-26  3.12409406e-29  3.99395175e-32  4.65721051e-35
  3.41460187e-38 -7.11168130e-26  7.83470225e-23  9.43017036e-20
  2.00814644e-22  2.94697592e-25  3.75709061e-28  4.53194982e-31
  5.37862350e-34  6.24896621e-37  5.94609362e-40]
beta_min: [ 3.87344912e-18             nan -9.64766629e-22             nan
 -5.76537798e-21             nan             nan -1.40521400e-20
             nan  9.89853137e-21 -5.01617447e-21             nan
             nan  7.84305768e-21 -1.17326092e-20  2.53172691e-22
  8.67710176e-21  1.11606311e-23             nan             nan
 -3.93356734e-24  2.50931926e-23  2.63795318e-20  1.04593943e-22
 -5.46703205e-24             nan -4.07723463e-24 -4.75279974e-24
 -1.30004564e-23  1.62241839e-20  6.59094736e-22 -3.37166756e-24
             nan             nan -6.20056872e-24             nan
  1.19438150e-24 -1.92335988e-21  6.64931311e-21  9.82311219e-24
 -5.06453599e-24 -2.40293729e-24 -5.27543394e-24 -6.71591915e-24
 -5.39306208e-24 -7.11218106e-26  7.83354408e-23  9.42943357e-20
  1.93551312e-22 -6.50539593e-24 -7.04723650e-24 -6.03306287e-24
 -6.71428833e-24 -5.40215265e-24 -7.48398591e-24]
beta_max: [ 3.87349603e-18             nan -9.51284940e-22             nan
 -5.75572173e-21             nan             nan -1.40449081e-20
             nan  9.90787101e-21 -5.00972397e-21             nan
             nan  7.84874068e-21 -1.17216106e-20  2.54729808e-22
  8.67917618e-21  2.58604254e-23             nan             nan
  3.93207266e-24  2.52467445e-23  2.63935841e-20  1.19127639e-22
  5.93723306e-24             nan  4.07830419e-24  4.75424496e-24
 -1.29932161e-23  1.62296857e-20  6.73950307e-22  6.50019088e-24
             nan             nan  6.20056873e-24             nan
  1.19473531e-24 -1.92277787e-21  6.66148986e-21  1.97235141e-23
  5.11039484e-24  2.40299977e-24  5.27543402e-24  6.71591915e-24
  5.39306208e-24 -7.11118154e-26  7.83586042e-23  9.43090716e-20
  2.08077976e-22  7.09479112e-24  7.04798792e-24  6.03306378e-24
  6.71428833e-24  5.40215265e-24  7.48398591e-24]
