beta_ridge: [ 1.79012590e-10  7.02629502e-12 -9.81343447e-08  3.50578504e-12
 -8.03042433e-09  2.10854392e-05  2.15359594e-13 -1.90139175e-09
  2.73692313e-06 -2.25979292e-03  2.64811801e-14 -1.49184429e-10
  4.08196675e-07 -3.89557219e-04  1.27003904e-01  1.44207104e-15
 -1.22450564e-11  3.43400692e-08 -4.44189537e-05  2.42183572e-02
 -3.51643732e+00  1.18058130e-16 -7.99520339e-13  2.33035255e-09
 -3.36222789e-06  2.23794724e-03 -1.93316232e-01  2.58623129e+02]
beta_min: [ 1.78697526e-10  6.99865528e-12 -9.83078225e-08  3.50306944e-12
 -8.04391289e-09  2.10479083e-05  2.15087077e-13 -1.90262621e-09
  2.73414526e-06 -2.26383456e-03  2.64534876e-14 -1.49309257e-10
  4.07934664e-07 -3.89859010e-04  1.26777975e-01  1.43919696e-15
 -1.22589946e-11  3.43115904e-08 -4.44495854e-05  2.42003251e-02
 -3.52265142e+00  1.17724105e-16 -8.01349970e-13  2.32641372e-09
 -3.36644967e-06  2.23559873e-03 -1.93957255e-01  2.58546478e+02]
beta_max: [ 1.79327654e-10  7.05393477e-12 -9.79608669e-08  3.50850064e-12
 -8.01693578e-09  2.11229701e-05  2.15632111e-13 -1.90015730e-09
  2.73970100e-06 -2.25575128e-03  2.65088726e-14 -1.49059601e-10
  4.08458685e-07 -3.89255427e-04  1.27229833e-01  1.44494511e-15
 -1.22311182e-11  3.43685481e-08 -4.43883220e-05  2.42363892e-02
 -3.51022323e+00  1.18392156e-16 -7.97690708e-13  2.33429137e-09
 -3.35800610e-06  2.24029574e-03 -1.92675209e-01  2.58699780e+02]
