beta_lin: [ 1.67947666e-11 -3.25274064e-12 -5.03478908e-10 -3.29255409e-12
  2.16740488e-10 -3.03682822e-12  8.66491337e-14  9.64195580e-10
  2.92125911e-12 -1.76467812e-14  2.45840603e-14 -1.11443736e-10
  1.41393801e-11  3.34100444e-14 -8.90113906e-17 -1.08931580e-16
  1.62363510e-12  8.34122000e-11  2.36361141e-13  4.31415943e-16
 -2.88922225e-19  2.88487626e-17 -4.46194405e-13  7.60751324e-10
  2.00410273e-12  3.78828505e-15  6.11847066e-18  1.12715262e-21]
beta_min: [ 1.67931318e-11 -3.25471631e-12 -5.03501699e-10 -3.29328880e-12
  2.16709189e-10 -3.06210223e-12  8.65363942e-14  9.64167618e-10
  2.89774677e-12 -4.92674570e-14  2.45738662e-14 -1.11452909e-10
  1.41097530e-11  2.72578645e-15             nan -1.09533895e-16
  1.62275014e-12  8.33764211e-11  2.02730278e-13 -2.73794914e-14
 -3.46237638e-14  2.88284169e-17 -4.46245003e-13  7.60718410e-10
  1.97452551e-12 -3.11820124e-14 -3.39008827e-14 -3.61870226e-14]
beta_max: [ 1.67964015e-11 -3.25076497e-12 -5.03456118e-10 -3.29181937e-12
  2.16771787e-10 -3.01155422e-12  8.67618732e-14  9.64223543e-10
  2.94477145e-12  1.39738946e-14  2.45942543e-14 -1.11434564e-10
  1.41690072e-11  6.40943023e-14             nan -1.08329266e-16
  1.62452005e-12  8.34479789e-11  2.69992004e-13  2.82423232e-14
  3.46231859e-14  2.88691082e-17 -4.46143808e-13  7.60784239e-10
  2.03367996e-12  3.87585825e-14  3.39131197e-14  3.61870249e-14]
