beta_ridge: [-4.56751394e-12  1.65102062e-13  2.92385978e-09 -1.03127841e-14
 -6.40385235e-11 -7.47505849e-07 -5.39477854e-15  2.27480742e-11
 -8.52072066e-09  9.94575738e-05 -4.44282303e-17  2.32849606e-12
 -8.11343067e-09  6.19091819e-06 -7.59749333e-03 -1.95123877e-17
  1.26409280e-13 -5.60173751e-10  1.21715188e-06 -8.87364546e-04
  3.44196798e-01  1.30493837e-18 -2.07637427e-15 -1.45932891e-11
  5.81544381e-08 -8.48095294e-05  4.75406154e-02 -8.45246665e+00
  6.05109039e-19 -3.81433633e-15  9.24336992e-12 -1.03774510e-08
  4.78541858e-06 -5.36431038e-05 -7.40590667e-02  2.83211034e+02]
beta_min: [-4.57442569e-12  1.64496394e-13  2.91943612e-09 -1.03721894e-14
 -6.43854690e-11 -7.48655130e-07 -5.40072221e-15  2.27166453e-11
 -8.60572227e-09  9.93019214e-05 -4.50284074e-17  2.32543383e-12
 -8.12119117e-09  6.17955859e-06 -7.60922264e-03 -1.95735504e-17
  1.26088102e-13 -5.60959137e-10  1.21607494e-06 -8.88241501e-04
  3.43711496e-01  1.29858077e-18 -2.11257845e-15 -1.46813700e-11
  5.80376985e-08 -8.48987016e-05  4.75016674e-02 -8.46264818e+00
  6.04369472e-19 -3.81904542e-15  9.23119440e-12 -1.03938678e-08
  4.77309817e-06 -5.87190396e-05 -7.51158747e-02  2.83113586e+02]
beta_max: [-4.56060218e-12  1.65707730e-13  2.92828345e-09 -1.02533788e-14
 -6.36915780e-11 -7.46356568e-07 -5.38883487e-15  2.27795031e-11
 -8.43571905e-09  9.96132261e-05 -4.38280532e-17  2.33155828e-12
 -8.10567016e-09  6.20227779e-06 -7.58576401e-03 -1.94512251e-17
  1.26730459e-13 -5.59388365e-10  1.21822882e-06 -8.86487591e-04
  3.44682100e-01  1.31129596e-18 -2.04017009e-15 -1.45052082e-11
  5.82711777e-08 -8.47203572e-05  4.75795634e-02 -8.44228511e+00
  6.05848607e-19 -3.80962723e-15  9.25554544e-12 -1.03610343e-08
  4.79773899e-06 -4.85671679e-05 -7.30022587e-02  2.83308481e+02]
