beta_lin: [ 3.56401944e-14  5.68134922e-14  3.46331158e-13 -1.24530657e-14
  1.01593239e-13  4.26618169e-14 -9.93252393e-16  8.57726001e-14
  6.21036068e-14 -2.58847206e-14  2.93884915e-16  5.88210475e-15
  7.95200507e-14 -1.82892366e-14  9.55402505e-14 -5.03664148e-17
  5.51168213e-14  1.62257142e-15  1.16039326e-17  2.18535699e-20
 -1.80894252e-22  3.82248525e-18 -5.91011849e-15  1.94248852e-14
  6.19360984e-17  1.40533879e-19  2.29457422e-22 -9.15038391e-25
 -1.29473493e-19  7.18688899e-17  3.07423369e-13  7.34937779e-16
  1.27100715e-18  2.01764316e-21  2.91073948e-24 -3.24353299e-27]
beta_min: [ 3.56305766e-14  5.67993042e-14  3.46324019e-13 -1.24601029e-14
             nan  4.26494154e-14 -9.94724800e-16             nan
  6.20925315e-14 -2.58920628e-14  2.93732623e-16             nan
  7.95076476e-14 -1.83090909e-14             nan -5.03748126e-17
  5.51121180e-14  1.60174152e-15 -9.67098526e-18 -2.10248771e-17
 -1.81488153e-17  3.82209320e-18 -5.91069951e-15  1.94042889e-14
  4.07673388e-17 -2.06525507e-17 -2.08464270e-17 -1.54104223e-17
 -1.29485321e-19  7.18410973e-17  3.07405937e-13  7.13495651e-16
 -1.98409835e-17 -1.78772358e-17 -1.54345116e-17 -2.15802018e-17]
beta_max: [ 3.56498122e-14  5.68276802e-14  3.46338297e-13 -1.24460284e-14
             nan  4.26742183e-14 -9.91779986e-16             nan
  6.21146821e-14 -2.58773784e-14  2.94037208e-16             nan
  7.95324538e-14 -1.82693823e-14             nan -5.03580171e-17
  5.51215247e-14  1.64340132e-15  3.28788505e-17  2.10685842e-17
  1.81484535e-17  3.82287730e-18 -5.90953747e-15  1.94454815e-14
  8.31048581e-17  2.09336184e-17  2.08468859e-17  1.54104205e-17
 -1.29461664e-19  7.18966825e-17  3.07440801e-13  7.56379906e-16
  2.23829978e-17  1.78812711e-17  1.54345174e-17  2.15802018e-17]
