beta_ridge: [ 1.59073743e-12  2.63845427e-13 -1.57862673e-09  2.41836488e-14
 -2.36704446e-10  6.60668766e-07  1.49707656e-15 -1.92251489e-11
  8.78115371e-08 -1.51256325e-04  5.20769785e-17 -9.64551792e-13
  6.04647430e-09 -1.72588650e-05  2.05097753e-02 -1.23721409e-18
 -1.43063157e-14  2.10946164e-10 -9.28076873e-07  1.90005233e-03
 -1.65926921e+00 -3.37181640e-19  2.49409935e-15 -4.42349525e-12
 -1.24775068e-08  6.59756796e-05 -1.11827815e-01  7.59169039e+01
 -2.44038565e-20  2.49361739e-16 -1.01149327e-12  1.96901201e-09
 -1.45433782e-06 -1.08710093e-03  2.82319439e+00 -1.67936697e+03
 -7.01319959e-22  8.73204369e-18 -4.45702115e-14  1.21676547e-10
 -1.91277742e-07  1.68732597e-04 -6.71420477e-02 -5.40999492e+00
  1.08695205e+04 -2.86252416e-25  2.66510720e-21 -1.01697637e-17
  2.06817492e-14 -2.42235776e-11  1.63984366e-08 -6.15205872e-06
  1.18090623e-03  2.89467946e-01  2.26567889e+02]
beta_min: [ 1.59073410e-12  2.63845136e-13 -1.57862946e-09  2.41836203e-14
 -2.36704663e-10  6.60667816e-07  1.49707371e-15 -1.92251686e-11
  8.78114659e-08 -1.51256508e-04  5.20766921e-17 -9.64553656e-13
  6.04646797e-09 -1.72588782e-05  2.05097540e-02 -1.23724300e-18
 -1.43064999e-14  2.10945557e-10 -9.28078065e-07  1.90005080e-03
 -1.65927074e+00 -3.37184573e-19  2.49408031e-15 -4.42355659e-12
 -1.24776238e-08  6.59755386e-05 -1.11827927e-01  7.59168362e+01
 -2.44041561e-20  2.49359685e-16 -1.01149982e-12  1.96899979e-09
 -1.45435211e-06 -1.08711160e-03  2.82318928e+00 -1.67936870e+03
 -7.01351141e-22  8.73181219e-18 -4.45709633e-14  1.21675157e-10
 -1.91279335e-07  1.68731442e-04 -6.71425690e-02 -5.41013563e+00
  1.08694972e+04 -2.89883208e-25  2.63550233e-21 -1.02722600e-17
  2.04853212e-14 -2.44512678e-11  1.62346873e-08 -6.22410828e-06
  1.16251328e-03  2.87021129e-01  2.26422606e+02]
beta_max: [ 1.59074076e-12  2.63845719e-13 -1.57862399e-09  2.41836774e-14
 -2.36704228e-10  6.60669716e-07  1.49707941e-15 -1.92251292e-11
  8.78116082e-08 -1.51256142e-04  5.20772648e-17 -9.64549928e-13
  6.04648063e-09 -1.72588517e-05  2.05097966e-02 -1.23718518e-18
 -1.43061316e-14  2.10946771e-10 -9.28075680e-07  1.90005386e-03
 -1.65926767e+00 -3.37178708e-19  2.49411838e-15 -4.42343390e-12
 -1.24773897e-08  6.59758205e-05 -1.11827704e-01  7.59169716e+01
 -2.44035570e-20  2.49363793e-16 -1.01148673e-12  1.96902423e-09
 -1.45432352e-06 -1.08709026e-03  2.82319949e+00 -1.67936523e+03
 -7.01288778e-22  8.73227520e-18 -4.45694598e-14  1.21677938e-10
 -1.91276148e-07  1.68733752e-04 -6.71415264e-02 -5.40985420e+00
  1.08695437e+04 -2.82621623e-25  2.69471207e-21 -1.00672674e-17
  2.08781772e-14 -2.39958874e-11  1.65621859e-08 -6.08000917e-06
  1.19929917e-03  2.91914762e-01  2.26713173e+02]
