beta_ridge: [-2.55338294e-14  4.86752216e-15  9.84362933e-12 -1.30831066e-15
 -5.28673865e-13 -6.99277414e-10  1.17777745e-18  6.97260590e-13
 -5.86156956e-10 -1.47197530e-07 -1.14680788e-17  3.51504423e-14
 -1.68809907e-10  1.77655319e-07  2.42091381e-05 -1.11794753e-18
  9.11142880e-15 -2.03810705e-11  2.79311533e-08 -2.06420825e-05
 -1.08670955e-03 -1.44917259e-20  3.60907281e-16 -1.86734318e-12
  3.45249051e-09 -2.84904321e-06  1.15188789e-03  1.44613004e-02
  2.44252362e-21 -1.14501213e-17  3.39462162e-16  8.28989473e-11
 -1.60698799e-07  1.08268553e-04 -2.53631575e-02 -4.45804120e-01
  9.84296110e-22 -6.70245231e-18  1.83227229e-14 -2.55614874e-11
  1.91527167e-08 -7.51211952e-06  1.41349544e-03  2.78027043e-01
  2.30631134e+02]
beta_min: [-2.56855792e-14  4.85423529e-15  9.73289728e-12 -1.30961240e-15
 -5.37432457e-13 -7.32905999e-10  1.04775651e-18  6.96469049e-13
 -5.88656346e-10 -1.52704630e-07 -1.14811689e-17  3.50748118e-14
 -1.69034228e-10  1.77256483e-07  2.36826650e-05 -1.11927311e-18
  9.10378443e-15 -2.04030098e-11  2.78945514e-08 -2.06803695e-05
 -1.11640704e-03 -1.46270206e-20  3.60090200e-16 -1.86963872e-12
  3.44878297e-09 -2.85268792e-06  1.14965969e-03  1.35102150e-02
  2.42844727e-21 -1.15423881e-17  7.78485991e-17  8.24844953e-11
 -1.61093297e-07  1.08041524e-04 -2.54399128e-02 -4.61548036e-01
  9.82657646e-22 -6.71434736e-18  1.82867703e-14 -2.56201085e-11
  1.90968917e-08 -7.54350264e-06  1.40348011e-03  2.76381685e-01
  2.30510744e+02]
beta_max: [-2.53820796e-14  4.88080904e-15  9.95436137e-12 -1.30700892e-15
 -5.19915274e-13 -6.65648829e-10  1.30779838e-18  6.98052131e-13
 -5.83657565e-10 -1.41690429e-07 -1.14549888e-17  3.52260728e-14
 -1.68585585e-10  1.78054155e-07  2.47356111e-05 -1.11662196e-18
  9.11907316e-15 -2.03591312e-11  2.79677553e-08 -2.06037956e-05
 -1.05701207e-03 -1.43564312e-20  3.61724363e-16 -1.86504764e-12
  3.45619805e-09 -2.84539850e-06  1.15411610e-03  1.54123858e-02
  2.45659997e-21 -1.13578545e-17  6.01075726e-16  8.33133994e-11
 -1.60304300e-07  1.08495582e-04 -2.52864022e-02 -4.30060204e-01
  9.85934574e-22 -6.69055726e-18  1.83586755e-14 -2.55028663e-11
  1.92085417e-08 -7.48073640e-06  1.42351077e-03  2.79672400e-01
  2.30751524e+02]
