beta_lin: [-2.41983193e-14 -4.18985030e-15  1.91557609e-10 -7.04710435e-14
  1.97635870e-10 -5.41313434e-07  8.48753397e-14  1.12988468e-10
 -8.18595107e-07  7.55521770e-04 -2.21054950e-13  4.21696302e-10
 -2.56390621e-07  9.56797738e-04 -8.37858591e-01 -2.48430672e-13
  1.27063344e-09 -1.98512126e-06  6.71922283e-04 -3.61068853e-03
  1.28955547e+03]
beta_min: [-2.41984253e-14 -4.19003487e-15  1.91556635e-10 -7.04714035e-14
  1.97634381e-10 -5.41316798e-07  8.48746200e-14  1.12985698e-10
 -8.18600096e-07  7.55516353e-04 -2.21056425e-13  4.21690355e-10
 -2.56400592e-07  9.56789280e-04 -8.37862668e-01 -2.48434057e-13
  1.27061789e-09 -1.98514812e-06  6.71900649e-04 -3.61883182e-03
  1.28955414e+03]
beta_max: [-2.41982132e-14 -4.18966574e-15  1.91558583e-10 -7.04706834e-14
  1.97637358e-10 -5.41310070e-07  8.48760594e-14  1.12991237e-10
 -8.18590119e-07  7.55527187e-04 -2.21053476e-13  4.21702248e-10
 -2.56380651e-07  9.56806196e-04 -8.37854514e-01 -2.48427286e-13
  1.27064898e-09 -1.98509440e-06  6.71943917e-04 -3.60254523e-03
  1.28955680e+03]
