beta_ridge: [ 1.16120465e-07 -3.99451246e-08  2.89243353e-05 -8.66610544e-09
  2.24595986e-05 -1.52726210e-02 -1.48208393e-10  2.58223116e-06
 -4.56293666e-03  1.59660844e+00  6.66214387e-11 -7.58040967e-08
 -2.41759497e-04  6.71139303e-01  1.73307413e+02]
beta_min: [ 1.15463202e-07 -4.00030559e-08  2.86788970e-05 -8.67185039e-09
  2.24405833e-05 -1.53050022e-02 -1.48799257e-10  2.58030709e-06
 -4.56550659e-03  1.59480537e+00  6.65530693e-11 -7.60580066e-08
 -2.42092570e-04  6.70955222e-01  1.73265399e+02]
beta_max: [ 1.16777729e-07 -3.98871933e-08  2.91697736e-05 -8.66036048e-09
  2.24786138e-05 -1.52402398e-02 -1.47617529e-10  2.58415524e-06
 -4.56036673e-03  1.59841150e+00  6.66898081e-11 -7.55501867e-08
 -2.41426423e-04  6.71323384e-01  1.73349427e+02]
